4.1131006630235785
4.095233376191473
4.135288513613574
4.185434204954757
4.195790754510485
4.182829980611511
4.229711670895944
4.1013787917802595
4.2306408865045855
4.10709969270552
4.2557027834259396
4.223595380011891
4.096936127911955
4.182895546302816
4.1264755672986
4.170319604919149
4.176379594274039
4.171070897862589
4.0789002541807475
4.178657842016897
4.097649332157454
4.1827256378386535
4.167306427050312
4.135505378454508
4.125350154631112
4.202654418140976
4.146222864811722
4.093241397459968
4.141501529834206
4.1070959709190324
4.168206076637006
4.1107248007907815
4.169534868062494
4.178825866968705
4.185878004036751
4.185090902920232
4.122455252781232
4.238382370264044
4.20452783471124
4.22956580082695
4.108758375478959
4.168913146915264
4.200896549913275
4.163774323327769
4.136223116086766
4.217571222504887
4.187626836063041
4.13412448504569
4.105379033833807
4.185688270873468
4.1379028432962315
4.226000833006643
4.158708966979471
4.1507603936988025
4.132160986380503
4.1514852938143925
4.144976684620157
4.138141650011827
4.225279853863521
4.140267348933653
4.09227273668008
4.168070004032197
4.136457674010395
4.123745157171339
4.214315566077829
4.137822801643727
4.122515178309629
4.117574321912486
4.164235677170525
4.085403454586426
4.122918767100958
4.2263438823018955
4.209591194634233
4.2622689297825245
4.145533502874123
4.144007958192256
4.231867542464988
4.16633855438446
4.210055157238747
4.180185469248981
4.124282543035061
4.102104206303128
4.121096654756697
4.1638830644266145
4.247076340042146
4.139233671909286
4.212141615897146
4.1922895139028835
4.208967823860797
4.2004359593239595
4.155563985327279
4.256668485981254
4.146449695172705
4.137454357585263
4.130817168840458
4.228644200443624
4.198676407071866
4.15822970996027
4.196318766586944
4.150276281622817
4.105583964602317
4.100234502992108
4.147517708836329
4.159410670879132
4.163085548502917
4.178783514822758
4.142618610325224
4.202268083604864
4.222692704548877
4.173818694257705
4.1874053954123065
4.180107659286261
4.120017780643981
4.118895233901335
4.149502349285508
4.11600406173506
4.171366777497416
4.191133175842622
4.20075322656558
4.136245514537979
4.1523214485124615
4.135924637760259
4.198109519779721
4.179496781283635
4.190775640531564
4.169153893806648
4.090694625936844
4.197446470947525
4.175191744251198
4.089277406291197
4.134005648413092
4.163890606834018
4.23019311262413
4.111725044367014
4.140104339483161
4.180899900894591
4.164043344242753
4.132103964038241
4.17892454192171
4.149687034928944
4.1177363067417865
4.074121088207523
4.216040985511742
4.201416639722145
4.162688716809102
4.161233306071473
4.2356508441517855
4.150519386216438
4.208404166980481
4.1481180198329675
4.125530566914699
4.192791659690569
4.213490653450596
4.127644322223047
4.157234434463131
4.130852287737688
4.122001588698418
4.1874262883104745
4.1494268254982325
4.120015475816445
4.146474262197209
4.137042712451423
4.197620049462165
4.176133307926507
4.246072525075103
4.1219998308659545
4.166807788192915
4.151252719011176
4.087050915553525
4.161711512472341
4.15522848454055
4.20561445108036
4.151799770985856
4.164092710214337
4.199327759970037
4.183960369697467
4.1270163008100464
4.197228885622593
4.134948227977284
4.124888337338341
4.05231582913634
4.137255135483346
4.149450255983878
4.124906755181138
4.153829554000146
4.103434948306104
4.1583239870057085
4.210822370207171
4.221856783078541
4.103690674922031
4.2010576319067034
4.136618698317567
4.231497169012449
4.215933337511075
4.170775040318507
4.137105397345766
4.190726997067576
4.057735230104371
4.126331478397964
4.099483411839088
4.136929060921336
4.123489631195301
4.228262853624813
4.209645592435843
4.196868795155115
4.175424338622527
4.111850538262717
4.1289626888527575
4.19397799579344
4.181530240497713
4.156718025743301
4.183251156003557
4.186984580379162
4.2064179685347405
4.195555457090342
4.1111746340523
4.219899630584444
4.226126900952655
4.139332453192326
4.140030440152316
4.125303837571226
4.127666533880336
4.229888619413087
4.18851849571334
4.201879455793426
4.122008450150405
4.191760235392686
4.114215415811812
4.176601091645328
4.116249887061619
4.121887813744298
4.154420945269482
4.129129168716162
4.163223285001037
4.204008886896843
4.177793421228158
4.216139762438752
4.101586409658525
4.180833997265392
4.23226993814905
4.202889321926679
4.1524575048416
4.113532903989978
4.111365266085812
4.144533822202829
4.158964776224485
4.16427956119091
4.152418180861024
4.166873270129324
4.142538188227075
4.203875130560298
4.19343356422971
4.172251033821058
4.165100661397571
4.209044882871676
4.1787182359459365
4.070224235718574
4.169204093981288
4.171486373112132
4.159967977587949
4.138218303769003
4.135594822801335
4.165402572188813
4.183025442382287
4.185383548797463
4.141949542478008
4.08390828672455
4.1464120405618425
4.1301472704347955
4.1476670303231815
4.161033623998591
4.216803800872855
4.107240622133773
4.152069997705826
4.1278444992879635
4.179635754146485
4.225796379613649
4.1447992068328245
4.122485251918953
4.050801624113446
4.177870497282171
4.153127446969662
4.10405426473087
4.182693637354657
4.2584549620782655
4.16046851407653
4.187571227793674
4.216064545595721
4.189244563454703
4.163087806316509
4.142965541818426
4.18555521182852
4.205613853450136
4.178815073673163
4.18974573678467
4.092546227156077
4.100075881275993
4.087511491361412
4.187495256369441
4.226100420369155
4.164022858239788
4.162611852474095
4.148715562577288
4.166602576153619
4.2019539923815605
4.097838476530101
4.156999359660976
4.179598071465611
4.159958600321407
4.182837292494561
4.147639261571246
4.166038267981313
4.185601101455035
4.240965428845097
4.188446302260504
4.143899271651295
4.086210539717479
4.139460791176005
4.152827645304495
4.247789576994323
4.198438351684975
4.198775914557185
4.09631650607452
4.09723319884492
4.195328020476893
4.103422210127133
4.134700278712594
4.168342238556057
4.114327484160097
4.202695227570161
4.254410801203874
4.124928726347862
4.196800861612711
4.165630903117324
4.2430915875930495
4.1213257778387336
4.184057192432888
4.165205500476105
4.156060938783075
4.191139612906242
4.16222365274281
4.161790915361003
4.174874909388175
4.08826552244013
4.1433458840863615
4.148458931599965
4.17708130959217
4.149938277611227
4.181924304263699
4.160779163065207
4.232448608088143
4.168092401061837
4.145658399418787
4.107874253827193
4.1328612967635445
4.182941313187524
4.171722578217922
4.187874438089462
4.143011104792369
4.180953554060474
4.143216046398819
4.186548240912542
4.199925150092949
4.110052596875165
4.2423761605794015
4.11930601866693
4.098774241270423
4.15365405759153
4.212634366804797
4.153371584298225
4.157123484437465
4.168114301946685
4.116986240426082
4.1236683790442274
4.099557691868391
4.111414147032784
4.145074000462349
4.146931723697191
4.146594954448084
4.17312705309241
4.1491078490099085
4.212386296012668
4.166505213133331
4.196188454282378
4.0746430255539865
4.214321069292864
4.092177538477882
4.178143549413782
4.140735258116856
4.203785521127267
4.150797986546182
4.151169242839096
4.146472079999784
4.125583800930921
4.236111893891054
4.083106552356779
4.184785008161799
4.116474305185805
4.17405942007467
4.1894425920846325
4.14526225656228
4.144448075713933
4.140802530057297
4.151265336248922
4.169769200313742
4.091906522364078
4.094520553526069
4.174613259933343
4.20068078381408
4.147120949827146
4.137339424920406
4.153377498669241
4.16615398375823
4.040570779398283
4.121763612133573
4.161613352171159
4.159576416249983
4.139260793584536
4.101410317218965
4.193875070131213
4.12781034636898
4.210397827576058
4.227645551337957
4.160923159474401
4.112006510461298
4.111772604434555
4.15035718560563
4.200871443510567
4.14590207538001
4.223323998895002
4.219727835474201
4.215659470751771
4.175993423444115
4.139513677171358
4.153138499456569
4.173107859781007
4.146188282932073
4.224033748462165
4.196453673893622
4.180511137770496
4.135443370937581
4.109482386742628
4.152761517683075
4.171875728800035
4.155169424380498
4.155840716794647
4.1570560143694815
4.108731109364136
4.154010646228364
4.183531881177687
4.190390089791817
4.061993879362894
4.098571963467896
4.103666043611574
4.105977657451548
4.2092486052934515
4.135948207369021
4.1013717757723285
4.221261433628096
4.170953248174034
4.107059233173031
4.206797043892577
4.186463660598075
4.153152794112768
4.202497703996366
4.157996744263537
4.2724951011712005
4.129616422471732
4.144262351464152
4.2020902201934405
4.113126620311269
4.107684939519144
4.185058391499239
4.20916242754495
4.2224991381504635
4.230892339046479
4.157294203662349
4.13173400720033
4.178935471980039
4.077302043938693
4.181343007845395
4.1530637937980925
4.177375263554945
4.20264788940296
4.15508247520053
4.186963140567142
4.158249078846064
4.239957882166909
4.201258835971015
4.136708073412832
4.147402242478181
4.087871301155254
4.116066702611511
4.224536084637549
4.1039012980121425
4.111031807102722
4.1968540622680015
4.184198467281991
4.150200235146326
4.174829346455354
4.193826987524965
4.179234501173381
4.097123923998305
4.238750337962607
4.193646230729122
4.054285889702286
4.1739818352552644
4.132813571352319
4.141879975162068
4.168100258800691
4.105545461695531
4.163803751839971
4.109754871515668
4.175832702579011
4.138445091930499
4.164185871036644
4.212954330950935
4.147985413949674
4.1091803519937145
4.192928941789676
4.121263739045373
4.238596288152568
4.1359476120541565
4.219684337935483
4.131378474617786
4.119902912054423
4.192168019300745
4.150052234396227
4.155017367941281
4.151775352719761
4.217866323089919
4.19720781347136
4.170905971294616
4.171521736433321
4.173159091427986
4.130016161588128
4.2405683773221705
4.15652061803767
4.140739276558155
4.1882340907033635
4.11978236208907
4.199395327074878
4.183351739851982
4.2589195603128935
4.113930865672655
4.198602729011984
4.180850200714473
4.175847495911575
4.224721193279001
4.180223473307186
4.134428262699872
4.2182159972823685
4.155165995037379
4.1305608440864425
4.239848828628222
4.24221094788971
4.165583081532835
4.200720654578724
4.112991396539707
4.175621649222127
4.168647483881281
4.1586961914326945
4.182606627348064
4.1953176716630045
4.179677549581528
4.142121195981351
4.177421670177072
4.162136877121891
4.153215683168424
4.163139813334379
4.133467602673029
4.11829429319283
4.102419398577674
4.078419195380264
4.183265940360446
4.082131791255357
4.132408797534919
4.147654970045929
4.096928754738828
4.170548783391135
4.20298567992558
4.19759927608908
4.1411775093095144
4.166446430326552
4.1378097510886835
4.1391635243219325
4.168670265733589
4.1017395147755265
4.197764197177895
4.156999107317775
4.086190333404521
4.137617814327477
4.151647850982077
4.151560467158329
4.188747462186168
4.1498881762706565
4.154037231206038
4.164285743426991
4.1409068951979515
4.170460074021247
4.085839914270054
4.142598915250619
4.137107603521151
4.076093429414025
4.156136684443443
4.123389437177264
4.118782325095539
4.156037162486602
4.163222556344606
4.197077168387325
4.180229184853594
4.092807027223419
4.153979426294703
4.110931567304171
4.14671132582257
4.169502783492502
4.154877520831476
4.150855011739039
4.087363860288206
4.1563620665455705
4.25681780895712
4.1523990473266865
4.172397175613992
4.0958123255950385
4.1773544147891855
4.167190426299557
4.0880993820365745
4.19892542222704
4.144247769060295
4.1229534868060895
4.1073718219980835
4.151213711806609
4.112483404639095
4.171733359149538
4.172192215547433
4.145151644438341
4.14122561429385
4.169728261906503
4.221653284696804
4.177952514073859
4.164447422480908
4.122393241963171
4.176778184976826
4.226551846293728
4.205653875522111
4.112829321617062
4.16797443905812
4.139725784511486
4.168533108079106
4.135840512774324
4.200544669596122
4.0953670479479936
4.161150961513756
4.157450037945208
4.185530248171816
4.104993554603038
4.130075826695754
4.199871650671961
4.169193560846125
4.133047381095127
4.105704620636264
4.153206473065932
4.22309511255284
4.19346680004586
4.131389565025199
4.130457416772103
4.080540455454918
4.188391072825662
4.176973706175864
4.196319591788011
4.164086153773228
4.123560452216255
4.301228123638194
4.207395652388056
4.1930114088444945
4.152293905641232
4.2375445187704734
4.126112816339062
4.162323850234029
4.203593717383352
4.1565713292614594
4.164218577341499
4.2263662420566686
4.158525687553258
4.122554625987253
4.132620305560545
4.194971237550211
4.151273729561924
4.191626509981046
4.135358243904539
4.127814458453166
4.146604236757147
4.212162867906916
4.186868556869404
4.194288541604379
4.197916193304241
4.230789414225684
4.145619092214532
4.250807161388341
4.189607632570116
4.170639221947741
4.16567891493559
4.211949599880646
4.153165241013581
4.141771984000488
4.234776031288632
4.076485504715409
4.2044950152594565
4.08183980957402
4.083295063380078
4.2115115647932155
4.1080071502301765
4.139951293684946
4.138173917545218
4.1362312278505815
4.165695638832192
4.2272157048422
4.137024579851154
4.175848432100282
4.139987168471864
4.172415123820159
4.185044781359306
4.120872335367586
4.194656027309999
4.263416983063808
4.117737646350739
4.150765860002979
4.207201792194149
4.156970495341094
4.215839435329465
4.132500530054152
4.120642283536779
4.157363933371219
4.1628442103700545
4.166566094391729
4.209851307849869
4.070766654527144
4.2369900054354055
4.1603303492360135
4.128535789893434
4.113533667701036
4.159787078262958
4.227931549761074
4.19268575247084
4.1775092905035915
4.173503185075168
4.128797129914417
4.119015135844836
4.201768635494549
4.170210737210649
4.091308241629685
4.172538044012676
4.148857023181518
4.211673736106473
4.118402504519865
4.187335628231111
4.029204495189023
4.172579184226984
4.149275158422141
4.148794398474609
4.133788936653081
4.149186972397494
4.133452266317244
4.127275531360503
4.1726120648894
4.19814688784212
4.160327321952679
4.174673049442669
4.176804333143676
4.122897387943769
4.151451929113177
4.186217534987501
4.20965130043158
4.083914719192604
4.137305639910477
4.139883854044168
4.174183068200028
4.134392190306083
4.176840205938822
4.239789540942826
4.088545209156757
4.150760597873169
4.156661306943964
4.109528503801715
4.164221558774011
4.135311766341091
4.15419588535037
4.186226315705991
4.1738422841682965
4.100067392297806
4.205624932462883
4.176583881632407
4.166567173937967
4.153160251446473
4.109447481916396
4.086682782554925
4.186447730963856
4.224532770719547
4.115014238273165
4.1888970032065895
4.196852040575376
4.102354676796569
4.221239108590773
4.157939984191066
4.18465530239454
4.125871506519368
4.144509268994184
4.185204339121408
4.114790666421884
4.149761677510319
4.2090696472769915
4.144879539149941
4.062084234202174
4.122907371859125
4.183009160927344
4.147067095578366
4.08261925117738
4.22168968433196
4.162533063226583
4.096026604937225
4.152440258502098
4.130045212676367
4.217586280389248
4.17372253162119
4.206151028740647
4.1291657749089525
4.166501903043547
4.191106149899519
4.084528392253615
4.149321233701539
4.201682561900493
4.174813156957908
4.14198388287487
4.131698377798653
4.2323760842512606
4.18788873329568
4.11632214292771
4.164424025265073
4.21051652023645
4.13298929402472
4.252327753050393
4.056201031890353
4.197079358918101
4.105820047576955
4.161033929236715
4.135093355922224
4.249169660515455
4.205373876929893
4.068265102902047
4.185975669072054
4.127140501640335
4.161217061671668
4.121193463600834
4.177261456494252
4.143720426166295
4.152520674080572
4.194860739836123
4.151202820121964
4.161168694949308
4.216411606722651
4.132285550472859
4.211537726651844
4.197867583571283
4.157398292658529
4.170985232323995
4.142331555884555
4.183723675512265
4.125334304012832
4.0943435337251195
4.136397245046685
4.211841999109573
4.2073364217651115
4.160874732064101
4.182029568951596
4.174652001328961
4.179474198185716
4.0855842574548085
4.182762884476979
4.197222094995513
4.136780462661691
4.165234281014797
4.171627151210827
4.085344441432092
4.198427757001527
4.14015056126475
4.163187037489884
4.20716400562602
4.202925291367082
4.068993110455565
4.173270361657621
4.130291434167095
4.111222523216523
4.178033986278917
4.170004795238386
4.188891909901511
4.167401126002096
4.1362693742894905
4.156408812252398
4.130412851906303
4.130576259972848
4.208944113599993
4.1372139746813215
4.099277730654153
4.129324412728952
4.161049269717467
4.188701986133878
4.098537463365296
4.136595718610378
4.170575298786629
4.175089485270694
4.134327597926584
4.148946907405318
4.125714745232519
4.183809415480167
4.183099252985282
4.225138439314863
4.146572680337446
4.192197497517077
4.126737316956411
4.163068209649538
4.1891353440271155
4.187905113915939
4.166795660187489
4.1671934577801295
4.1626530139324105
4.086782209942421
4.097397901011815
4.1122242442892825
4.21383400400802
4.145557732647717
4.145433733017408
4.170615509889527
4.178052017821576
4.207292318859845
4.173752001190377
4.163271469337295
4.14197888706852
4.0714200079120175
4.20898015416385
4.193830214132527
4.07581511357006
4.114879734884605
4.194480664554078
4.140477832942734
4.141925760501741
4.206472305040683
4.079171861363263
4.186865983374416
4.13606962352758
4.142955100034631
4.136783898526469
4.151310166971859
4.178376871592993
4.168498826057038
4.1786253409912275
4.105169197869532
4.108522580892306
4.183291573323436
4.147520313202244
4.171842280779624
4.2151308568044366
4.198530489058678
4.183394433216183
4.191055225223765
4.141655019951726
4.24939057204852
4.17091847460093
4.079490061491315
4.155393612935724
4.146674544224159
4.139186191551972
4.155303309733104
4.133954987760618
4.204406101956258
4.120135889298847
4.191050478343423
4.159017176832876
4.118948439443278
4.171327724545897
4.152554907039945
4.140515579043555
4.1673197693595
4.144904738586727
4.205174815823565
4.132414803282594
4.172511634931231
4.1276479900013054
4.156466418590505
4.108668105526288
4.165638863598038
4.161507115626701
4.162787559907166
4.108777262814843
4.150497306774786
4.179469692126673
4.14945888471875
4.1344003026683
4.214755913920934
4.244700564679856
4.20025787076403
