5.021879953063336
5.109078011672877
5.052920128981905
5.103951574623211
5.011053030229637
5.061253778080217
5.022255904053202
5.106325219200623
5.045557390326154
5.031470028562804
5.050758891783891
5.030813112598793
5.129130085249007
5.059648804725499
5.131899016586335
5.009162777460388
5.1123029247330045
5.075331112992699
5.071085681038677
5.055947371614122
5.062535942050291
5.087137594933153
4.94422562780581
5.086885919793629
5.077302593903877
5.08367691722216
5.102372914684464
5.111472015125496
4.973109712009352
5.051073935365138
5.146415897752582
5.14205226127732
5.010090297626634
5.186710397957056
4.997021972727958
5.054508943363108
5.0754569244231575
5.110202907354022
5.041949411971812
4.995774077006347
5.077616051197751
5.123869901010077
5.114653376871836
5.109086983049519
5.063620724221732
5.146841989430764
5.0365865535376315
5.01256235724728
5.037748146115294
5.0616012300384154
5.024790695693289
5.067556941315436
5.109659812621637
5.081127242141705
5.043834383609467
5.120379483081273
5.051858424356838
5.042438601201396
5.056415026424478
5.046588154870164
5.087992717905708
5.1112229286994735
5.093460231546332
4.9930789640359245
5.063975151182052
5.071705210895923
5.0685574207514055
5.015629650590438
5.094809282738208
5.103424922607793
5.187956957851463
5.060238825652399
5.093459331533737
5.123117491895414
4.999097251200658
5.160933154272989
5.123742761232406
5.0473051136423805
5.028616873050044
5.097750554336342
5.039720254284928
5.057045488139404
5.017552826106411
5.099779393361319
5.0922342783453765
5.061932081874126
4.9945321599544386
5.064330523592672
5.00808248895732
5.038313867527768
5.037394778963933
5.101410775205989
5.009873514159908
5.035646374858219
5.0591820871316155
4.9872045536314165
5.061749343598935
5.0629082857115755
5.111819033614265
5.046582288449791
5.008255577376305
4.998965722071363
5.030508033133953
4.946432923203904
5.077443323220472
5.04390857306572
5.135428863854166
5.125876106465153
5.102610246240849
5.079436266611575
5.094322808339577
5.108986231107452
5.107888982950874
5.060912595917815
5.047143383143876
5.083478924154618
5.022503628626378
5.063417422703754
4.977334777019503
5.022337537700416
5.035042183694787
5.081226300114675
4.954304321191161
5.100273381941616
5.0559537424361825
5.1087543459647895
5.048259214580166
5.11323626739602
5.05247739730951
5.0776894873334175
4.997865327791222
5.003905959827845
5.085872844567735
5.071377936909757
5.082222320011027
5.08579509034076
5.068372127644286
5.145775325042927
4.972049868227839
5.029976678550755
5.002171071738074
5.011599289359679
5.080908277538372
5.007688926798505
4.9601330928158776
5.093326374848706
5.032774564876627
5.0674831806412035
5.101190077502519
5.02443994016449
5.062486722026333
5.094690968705285
5.005895733532994
5.013168667567105
5.04876366259176
5.0703805523203735
5.144182819404477
5.052906618887633
5.077706688301665
5.017007467320906
5.053472572413023
5.03627454621491
5.036638463601896
4.975309466512251
5.04281960558592
5.120549941082388
5.012424754428613
5.019087096394324
5.037840176444611
4.998733724983766
5.069087685605397
5.04169286845165
5.107217126858094
4.98247614412919
5.054435666305111
5.181581532051803
5.1017564242271884
5.02719886427645
4.962610518647333
5.074970530970742
5.016342677828043
5.086812223787939
5.020772144773565
5.070262318392935
5.105649143379641
4.998344127207357
5.089759375783032
5.031853027961915
5.12576792339114
5.215846464999244
5.031373210671759
5.0130383311320905
5.08643903839694
5.039452299730281
5.073491523588064
5.044942110100658
5.101246970211617
5.0464781611376015
5.018687103725633
5.099853088877988
5.1470369632703745
5.070567068216957
5.128603071510624
5.035357949677587
5.120366759690055
5.092374491065524
5.052819216888083
5.019092643362896
5.051183272335434
4.990532306703116
5.039273902613789
5.075691666211409
5.040626589739358
5.083561678929437
4.974798176794961
5.053286008709449
4.994818026469169
5.0820807553361735
5.0416920329431205
5.079745809878429
5.034592938129156
5.014406091270534
5.0106682859220575
4.9704771509909556
5.0221916473131625
5.015452498985649
5.115626661066906
5.05036879885876
5.10074915231562
5.047169015874302
5.004812567817108
5.11836215805835
4.994945702514368
5.020241746271516
5.101007106729217
5.073290174735055
5.00958983542954
5.017502098823237
5.02806566212289
5.061268109550699
4.974419965564576
5.1182879798232
4.958921012309339
5.079595432785067
5.068746624595578
5.0870308956643555
5.104614028129057
5.112046613664719
4.98362555894636
5.08324226086098
5.082669626710144
5.077800954898421
5.05732906996574
5.077351658218913
4.9655938514123665
5.091142944416143
5.054793109418479
5.0431438589681115
4.980851922821445
5.0921319223202195
5.086162732851224
5.112473496721685
5.063108492687164
5.066178921574976
5.02656619495907
5.078489016472622
5.02899495197938
5.067313149338405
5.113494132724872
5.073543180964551
5.080326657496954
5.098732597187871
5.036877775255122
5.071838165623309
5.0615662697930315
5.083256159344159
5.020326603081657
5.1169565363904335
5.067889162507566
5.046171559207364
5.063745440208077
5.06458886399323
5.004739658840178
5.004333937297979
5.073068177409616
5.021084033088209
5.037710758427158
4.998230999852092
5.0824269203951085
4.986056172508189
5.060602823149541
5.173341830193206
5.140432119241061
5.162115097363537
5.061628385281263
5.012796557005649
5.074927581323244
5.056403405436662
5.059096912537359
5.114140530002327
5.170066476643507
4.997241055262722
5.035562402306029
5.027725202688237
5.060308252520192
5.132004314537414
5.114628534128188
5.031469000766432
5.01102746821044
4.9762339453441395
5.045836032378416
5.020464176395965
5.044234986854971
5.015787957654755
5.133517185135092
5.039352382728035
5.104030512335316
5.146492070682402
5.01814845825049
5.026999024091784
5.065009822083952
5.034345127886937
5.148067285759331
5.139216198053815
5.0784583557664265
5.140893367829371
5.079536769299614
5.031050068787082
5.148507471902368
5.012341533213721
5.005860217330022
5.060848839270935
5.049202323194154
5.055292629148794
4.995023196985917
5.136151877278214
5.034206064907494
5.068775848100659
5.014288407467125
5.09464023518667
5.12369550073517
5.169924793182651
5.0891881911493755
5.061886191388955
5.084973834996551
5.134261989937001
5.096731238095069
5.059751072512473
5.065987967032463
5.020752171945169
5.143836616674728
5.038535589880439
5.146419843203633
5.055296149471293
5.085771890945392
5.013327896625964
5.017584386542131
5.05108775334431
5.037261725916004
5.1693464806958875
5.0872747918575865
5.172713465129282
5.103976004555038
5.16697403216865
5.116249234837862
4.983983968088982
5.097470144915911
5.049190318896424
5.053457589506884
5.073177806267878
5.13496532481655
5.071690308073727
5.008490028396894
5.053965496185494
5.139684037602153
5.109599869448533
5.020034935202512
5.092014448761686
5.110116500459035
5.113802850434401
5.004035162593053
5.081746524431889
5.0721482749308295
5.062108458022531
5.024694163735687
5.064547529484646
5.0878560842496725
5.095084531018673
5.091829164372886
5.0310087472122555
5.049832812868641
5.089787120452041
5.029336052030383
5.036469576745794
5.097587647000264
5.0122497209763415
5.089701812827271
5.1044298285599075
5.014279924503641
5.063808596644468
5.132565796390988
5.09572149339106
5.065027117102543
4.934315347874264
5.049383408016833
5.02177092564958
5.110401966906294
5.060970303111022
5.020874943416242
5.002909835227895
5.111040073204058
5.069104388084775
5.0474235164234
5.103666639364106
5.1105583999793005
5.028255940074141
5.054236206036677
5.048098335193911
5.031536434272234
5.08459407673242
5.089510605860742
5.084904939587202
5.158116247087681
5.0465028833098335
5.051485934126039
5.023581885338832
5.01375189957742
5.0303604141795875
4.999747130118973
5.070834297379553
5.078970501180174
5.14211518424291
5.038233254516885
5.020786103319631
5.144196386130903
5.110080307261095
4.993927496038678
5.002137000798699
5.079155464360967
5.01857052455672
5.070690651902568
5.052087737287213
5.083975462439232
4.953568316284597
4.9630548401605
5.0983623258309345
5.017644696063047
5.138332709987141
5.029148304980655
5.059983875408648
5.117095125719365
5.097224234766316
5.115462562903402
5.053173870953742
5.101628212831715
5.0601278497351725
5.045552212229461
5.122115071531674
5.007187480811945
5.040347089147489
5.06032984546166
5.08648149114447
4.9785529809939275
5.092903848785996
5.068279415554222
5.0524986782183
5.059034769701065
5.080561951118898
4.958573744945561
5.023087569543472
5.062785757028966
5.057286474548278
5.110112062865513
4.97634709077726
5.071947693661162
5.063602484666015
5.018272888674066
5.130634061722782
5.094923272629271
5.037934761749184
5.046868478388485
5.07530130345651
5.089403174947574
5.122527639233998
4.993040897150387
5.036344457732363
5.091425701560172
5.157756499588176
5.029862956013814
5.075972604535869
5.038396682204352
5.067205227487704
5.038168274411356
5.151819576437319
5.095877425208307
5.110564308001278
5.052432228478947
5.07219205089147
4.9427129921552675
4.96185053645026
5.062999092175701
5.033537941653158
5.030831301039192
5.031585751846915
5.034433492306459
5.051390956325909
5.068699561228314
5.058389876241408
5.101559719894131
5.029429017949004
5.038050777746205
5.031914260593418
5.105380472496122
5.096955693435989
5.085646110981993
5.074557221337317
5.085241234190168
4.994556806953476
5.053927931905968
5.006151277439347
5.075051721475098
5.104205686643129
5.072649577570889
5.112752674165081
5.09152347557972
5.091092318544015
5.005442496122417
5.170450779949085
4.978648578283561
5.0643657613362905
5.040709150484018
5.0067084323338
5.064023361694009
5.0462680506831905
5.0830853342698425
5.03511756303772
5.1140736220104
5.0768954340767465
5.081678927717225
5.079342821940218
5.048318452784482
5.046019820293067
5.0731081728087695
5.067214586501639
5.107640301762172
5.123418956450608
5.083013827866653
5.119775065537186
5.079406355790367
5.057846290644521
5.079750398986171
5.067900200115086
5.058082205923149
5.091922912100707
4.920235073307094
5.076320374336241
5.01667727456079
5.048135481528271
5.039401589613618
5.045277843861079
5.093246659213218
4.989112762542712
5.04385420529759
5.0553332506228426
5.076345845858671
5.178974120189461
5.020971658095899
4.966218748282219
5.1281826517965525
5.079066012694212
5.054607643786147
5.019749081214148
4.977985619021649
5.05136466443931
5.074396287374478
5.004669110834953
5.074768480901303
5.088833071762202
5.127007108805404
5.009597929941657
4.988202800205772
5.1121713631447285
5.034620223440146
5.039339878865012
4.985691239523337
5.081313489243577
5.077092237779538
5.063597327244336
5.130082036163629
5.033786010913282
5.024821252621068
5.111958064038099
5.007695786527236
5.064440555382333
5.07149361217621
5.021351668403554
5.000594001537696
5.068422189701484
5.0730266177862955
5.054102203145559
5.052740859045299
4.976370138515098
4.993745782963235
5.042332990932659
5.074287477643544
5.011316659320243
5.033214275355957
5.108301656892763
5.093534703632155
5.160076382929582
5.137388032129753
5.030436665479127
5.039430495084915
5.096689753454567
4.958578332817413
5.017919413278378
5.050839248455916
5.042714920565971
4.997323894272704
4.993155382975215
5.063472305118877
4.998961352023607
5.011407482206616
5.1124081499336524
5.010756422542062
5.074918269800212
5.045509694926855
5.012139048456534
5.038101731395262
5.13426978807891
5.071610794586475
5.064948305369957
5.076666221517454
5.010485061702281
5.075261353142901
5.069608040024492
5.022596859044387
4.991535316742383
5.109101358619894
5.0520444271641125
5.0999395259238485
5.067617540810727
4.948537580184767
4.993486590238488
5.109299865248542
5.087569211080307
5.037410938523175
5.089513884678036
5.040909180521096
5.055020493137128
4.942923961889991
5.13852587054985
5.011790833298689
5.017376314376812
5.125434624511281
5.141818652048268
5.083153511699893
5.109442581911997
5.023544357860183
5.05603100957622
5.061393916111962
5.126250316050774
5.079958841321259
5.060139676678972
5.030057638497839
5.084590705951074
5.0889749103388064
5.0212773887224955
5.130637294323954
4.963385256558774
5.076392332063832
5.111436545870065
5.062369042243787
5.06315019693091
5.0284425702703865
5.017591749180347
5.05087377882948
5.090554917610751
5.082818177554854
5.073359461783039
5.098668151795126
5.094702925286626
5.016522884485319
5.107997220250076
4.978905751833182
5.052031414802997
5.030392473039914
5.032090265314795
5.089851781673284
5.070151036873238
5.112894523250357
4.990656888851019
5.059582925547465
4.994003789226568
5.053220825560507
5.062408952462786
4.99478941796818
5.025742648348329
5.026292550244854
5.060968025335273
5.0133961158551505
5.044981007416489
5.10923682741235
4.96606508745796
5.101036578173906
5.091224284439913
5.04739781322609
5.022903265698362
5.002138100035851
5.070063446602398
5.061604356666262
5.079493662244656
5.093381805181532
5.095314920914561
5.052867124076494
5.007618518453512
5.011999123722258
5.105001179634544
5.070881543465003
5.067619544036125
5.052301517841508
5.057741247451294
5.051882057968866
5.0513122970685815
5.135577581433027
4.989472379392063
5.042478921295781
5.083805263008446
5.1803252610523325
4.977834252163199
4.999601014387862
5.101292815852662
5.119627533721509
5.00589347339373
5.100533880966516
5.023745862174422
5.076928299132326
5.055283717274334
5.094894262611516
5.046021646239722
5.076841372802786
5.058905275523846
5.064840880197257
5.0131909680539755
5.0623913790892
5.0598530891195335
5.088413181999218
5.075045573910815
5.039375627360078
5.091259930177205
5.09970740101555
5.096289313801206
5.061853537134806
5.0267610807320215
5.012621577772184
5.1190788401160745
5.057422559275456
5.018333054863559
5.051967148209734
5.03444583121928
4.972071343637838
5.152250555523812
5.062987020887406
5.040369785745313
5.056561649410968
5.06640570319796
5.047690354031054
5.106142510088666
4.98090993936428
5.096238440874538
5.097617692315245
5.0844455303873834
5.095053365890677
5.061949562988071
5.072996861629209
5.132612099702727
5.094078114971444
5.074840745692088
5.05614044794401
4.978766621644893
5.096617087832903
5.026105675301018
5.179677524636863
5.079967752206546
5.020336748519143
5.106062496413466
5.091189640275174
5.030101536657563
5.0203371432196295
5.067920858939303
5.000627007300466
5.075071998960141
5.0574164546818885
5.143237802872674
5.03870826031955
5.110811139736859
4.993232452579861
5.03229660883395
5.056024250078352
5.09185537220313
5.081584804955604
5.045084415248524
5.017108969322502
5.012525063410115
5.031559228568422
4.983787015612233
5.026142064626211
5.11940832265125
5.043913035458759
5.050820386531948
5.06350797628584
5.029553617568405
5.053374677452908
5.098250689964645
5.051282568257531
5.042144077954482
5.064270423440412
5.057164417349235
5.076725879328517
5.053809136886336
4.97470471470431
5.15683472139518
5.108891082856937
5.0215363932805985
5.039112624342855
5.07499756186504
5.111983445032561
5.057770688389657
5.053201042756195
4.971652562082015
5.122284497032987
5.101954137156705
5.1325718799427085
4.989884719908391
5.060250015923721
5.075228029528545
5.0360023043450575
4.987031237099071
5.141512103218221
5.044526800487783
5.007376260073745
5.074547655703879
5.05807351365173
5.045740515655918
5.060647084739922
5.069199978404688
4.969207903015894
5.098785708543975
5.115365639451563
5.034537539753266
5.048577714526611
5.028709740272976
5.032826027188853
5.058568531495747
5.035471275530439
5.035977378565702
5.036317315490215
5.040406600549231
5.031420187518943
5.05184607993488
5.021259584863981
5.143226437517699
5.056997399109367
5.106372380085366
5.08010323964013
5.031978016564184
5.096000136127189
5.114235088709291
5.039420102238047
5.0777019988013725
5.08273070609037
5.010787432482763
5.007768032192771
5.023096487482351
5.145142341144184
5.132130022510006
5.09484675834728
5.069184841621171
4.959014748976151
5.045362360126046
5.07568101602183
5.081299424268091
5.087580044071255
5.037274724186986
5.016273654274433
5.073646792537435
5.009032657604169
5.074635556157409
5.029800444910368
5.100520895072417
5.055982569335016
5.0570760794429646
5.106842041095594
5.0447517264056385
4.977416506496955
5.044683154534578
5.062010449395977
5.087170895558038
5.075514381369448
5.074651447396148
5.074235171126996
5.059286858342342
5.112972739367352
5.038460281382528
5.014299274890532
5.075154270168261
4.972729976340194
5.131468482156156
4.979543798304832
5.045295593009537
5.030510271635493
5.039353775830524
5.009588844710147
5.064612048816906
4.973194580302193
5.0385957721272785
5.037758591317447
5.013903601797144
5.083131527077902
5.079629065854101
5.097261364798516
5.033089929096496
5.0954640027685185
5.067261761130104
5.106312544539699
5.150506011798655
5.133059418223253
5.147568186255037
5.1168527692743515
5.202793020273175
5.039542872342116
5.021267932167653
5.050607277045395
5.091490749059083
5.0334987768853665
5.024447469058029
5.047958963721776
4.984556853210095
5.018988663251402
5.04567519687587
5.08289893449415
5.014997354020017
5.082255032525669
5.0153535291588955
5.134459877386539
5.059562213661713
5.134097671538663
5.03120069604061
5.095183384965094
5.109536296402332
5.023552624510075
5.025130207140883
5.009661731519434
5.1304419842701705
5.112276887769094
5.166325484408927
5.072201641649869
5.073584599204595
5.120564906675966
5.0962254420846635
5.1008107088367
5.104761822241888
5.0504594715092495
5.0149262593294655
5.053214789432961
5.093908245658117
5.096874741156281
5.06091865085017
5.146413902360288
5.012539357064798
5.059226744233744
5.066464838312804
5.01694349713323
4.984287703072306
5.028544492296891
5.085196663782929
5.0333959769852195
5.01073377715056
4.993019122667841
5.135625781678014
5.151668152579666
5.064391957344817
5.097591620834975
5.108686710935442
5.0255050820355605
5.018550581070133
5.007065926361041
5.072026918478834
5.054546305825755
5.123196408760032
5.066599440488886
5.012699475454164
5.120082501963455
5.0183635689164925
5.034597262408058
5.072397289345911
5.1458203951802535
4.97466621336784
5.095362569909394
5.083763412385242
