4.997755150900992
4.920627644054489
4.996233313130366
4.946566675840312
4.970600566179226
5.021403561999113
4.952226017887053
4.918405929556891
4.9240888270448995
4.922460925485722
5.034269418318596
4.97527300993492
4.868551628808667
4.982643681876196
4.89927673145231
4.982516579628181
4.947109673008418
4.912096937751203
5.037465924673925
5.026538282392217
4.970080201345019
4.929391126493248
4.906949967125255
4.933582646962059
4.960030443371343
4.9474689468006545
4.923773165980413
5.02114071554968
4.930638135318551
4.92721727309017
4.915864672081692
4.92346734053092
4.897723037683249
4.964057148545478
4.924148012226451
4.956748540530707
5.000317006184187
4.9452818252471715
5.00801178193049
4.971009944041687
4.962721934042588
4.928028083822315
4.987220954065304
4.917554630540293
4.993110325654772
4.91486832322395
4.960253863477186
4.941585694043324
4.886256034961962
4.962250941472666
4.938375371595656
4.978498428814619
4.960201583788785
4.930622368599819
4.957116981721109
4.868145199070603
4.866176304768312
4.9310985400990806
4.902791071804492
5.005938460278779
4.9578501819451635
4.99851973484416
4.929807693077658
4.9969655912421755
4.88746413997271
4.9813622336961645
4.92048927939641
5.040351979893671
4.942148223899232
5.063013492277791
4.964666863213698
5.009538718004432
4.927081386308524
5.011869747854758
4.9052336545514725
4.909039316894172
4.8987091279853505
4.869512876601985
4.96067445293218
5.052939858910301
4.9135633661234595
4.913720836399068
5.006092264920264
4.952490215169969
5.0055656448869295
4.919922296438168
4.949577842684888
4.980194230802465
4.977544235580445
4.916789296763242
5.041174641332822
4.996129227064944
5.017248189546273
4.980872172504062
4.932050388716549
4.985881907039554
4.874716236705478
4.954189960206518
4.962684819792307
4.987460867516184
4.887666898275182
4.933606800042858
4.974999400823925
4.881034690340093
4.9331117120871655
4.92324704213571
4.975842171566964
4.881337901399219
5.03761353025036
4.9627980267942045
4.959508068965186
4.941491231855999
5.003541717273503
5.019547617107571
4.892602663257547
4.962648512568188
4.948587427426198
4.8564571935358405
4.9404773559640764
4.997970733594828
5.019915797306371
4.930277580463158
4.98100736453074
4.9563067063397535
5.000750541691
4.926994569453716
4.966458384623424
4.957207989225843
4.920278152779556
4.926872548114118
4.944091969231243
4.943640077523085
5.002849279548932
4.962514109428795
4.944503992934492
4.908462527424271
4.978052191136992
4.896898793134818
4.880950039420709
5.0289131884699385
4.920355464745411
4.974822965217829
4.939840358116405
4.95046869483803
4.981761944054146
4.8821669910677965
4.923849098523842
4.99883868199808
4.946619069185394
4.944889544273503
4.996164643505306
4.96282981679396
4.879642203653501
4.978355457208077
4.914884184534291
5.001105700935663
4.98336803618233
4.908894585934887
4.96655116526386
4.957736244044824
4.905146145157382
4.963224359709511
4.92491133766141
5.0129152852150405
4.916575741845946
4.997537343440303
4.9878078185398955
4.970562245883065
4.952929292436292
4.970432756589931
4.972004789392241
4.922102532882292
4.957853072249931
4.9610946326462075
4.951001334989665
4.952408501726133
5.02202770424272
4.969152105782827
4.97542055264137
4.953564384939583
4.903685089990002
4.957570015983362
4.973103650397123
4.964647603005771
4.936432700892379
4.986462933308696
4.954162193167971
4.932107461642442
4.978030432284367
5.031392769178508
4.9635358533050615
5.005349054930701
4.987349974594728
4.940198168234162
4.990479169132889
4.9666355716764965
4.903828100553624
5.040819442727374
4.885894551937067
5.0056101914487625
4.967080234735511
4.948294063158196
4.957274834067111
4.9998126329384025
4.93527244842639
4.9687098003317525
4.962305336744508
4.871247968756158
4.964208429015062
4.964789694425396
4.92629922774293
4.945459429541009
4.952710005762986
4.973947659287241
4.9434217343118565
4.900225783896803
5.007855922957148
4.932338823533652
4.9674637978532905
4.916778547668149
4.9243928139103526
4.9898160960540165
4.9520276225360425
4.9093170360318465
5.0518932134299686
4.981613559788277
4.925318103817886
4.9596465883675
4.867609767746825
4.903621411634244
4.923343313208297
4.905416636812016
4.933683036496158
4.947621830284884
4.920655339115521
4.93616348394681
4.944723827916082
4.974687423024494
4.904119714936334
4.9731371051562565
5.004152693795637
4.9319436476555785
4.8950751317147825
4.9442602223593015
4.936693534810324
5.019189333303289
4.873172807181656
5.031745663635241
4.9847609096107455
4.887459667455496
4.922736743127494
4.936498205376999
4.945495857001268
4.983347151172042
4.898150881187437
5.003711710637543
4.910035734402967
4.959576924351312
4.901845468503845
4.972896693897097
4.95561378233721
5.00766634545174
4.975689108124052
4.967627470223335
5.017300038247685
4.990578640560373
4.915976247635061
4.914411417639497
4.845492533903155
4.946096226614403
5.0128531861747705
5.007774907464934
5.007011831713215
4.949648462993039
4.980022588467013
4.92109784898643
4.946011070521391
4.974028954004261
4.97348016136851
4.929445275418775
4.981139979532593
4.930291605839992
4.9415358651092856
4.907394243719454
4.971351890241743
5.001085223615782
5.019835015104478
4.953013383255095
4.917039236157219
4.919830069099165
5.064381224246378
4.928395728187898
5.005352832199116
4.902304001408916
4.934943226583292
4.9042468889173625
4.970433161815722
4.963077497565926
4.9169759263528565
4.996369485935422
4.975574157751417
4.915256066664544
4.890784379760396
4.911175567921396
4.992228427273482
4.918993094933038
4.992199151024003
4.92545637252904
4.982193776522413
5.017086872562136
4.997962861995097
4.986876552259933
4.954528551890257
4.959718932586602
4.999663679559273
4.930432647236068
4.894045029408981
4.913836632612921
4.8748668707351825
5.007261799689256
5.0243109005175075
4.980818410289208
4.96831556320445
4.997967998063528
4.830690872255393
4.941295381118091
4.96686143341561
4.866020692964914
4.922455191636452
4.935183048232643
4.944927749528284
4.927888417026174
4.918444923444418
4.963435584198018
4.895524806022732
4.9485274161564785
4.921641904979411
4.974753765463496
4.887233748590644
4.908045413624376
4.984053703550244
5.024533758023661
4.912859362136938
5.0188338637426995
4.957553596489595
4.875219292335244
5.024613169948492
4.9075878866521645
4.901009335352439
4.913208279236157
4.848457170940558
4.9689907513243625
4.988368369361878
5.034970028451376
4.956824950298937
4.99708056383562
4.915566486132072
4.9114101592711075
4.957512694531612
4.916128688429913
5.001681622479123
4.9582200698558445
4.9324118176924046
4.897794838948874
4.9823107976457335
4.879955974115964
4.940936814841347
4.923963201574315
4.92452098090775
4.855656283426652
4.990487661877793
4.910601426607934
4.933090918004212
5.003907786404043
4.969547163616838
4.888338143838505
4.990736105615747
5.005772777815263
4.874116450120458
4.932056343646661
4.9095599526540585
4.934699352244232
4.986986906350781
4.991201225364098
4.902613892796226
4.881667031390881
4.985869211904941
5.0470505992965835
4.913261247684447
4.9699784384939845
4.949894266693173
5.002389834267385
4.897576916100479
4.996926774385308
5.048493389734645
4.890242227991188
4.98530825206386
4.92515262537396
4.939836185583192
4.881728367984355
4.88257219189892
5.028566944531046
5.026176863168267
4.983937633717803
4.896954340833973
4.914062777959085
4.955962715521686
4.975359562723383
4.942359378551072
4.950557035711296
5.054703402651779
4.927630412688371
4.956469587944309
4.951354247534243
4.989773875886358
4.96489524909328
4.933410546897977
4.9056018589635615
4.966420566259707
4.922853045470492
4.926115049460675
4.95727678555511
4.961581192210504
5.011652793511943
5.03354642284116
4.904894069802734
5.026516422714444
4.925701994096163
4.969919985575497
4.962231724632448
4.9286660699015385
4.913016270162931
4.901760598679983
5.011726202131426
4.975143170315988
5.000906536691743
4.9952612240147465
4.968690621060824
5.051918598934363
4.923295300072469
4.91637505722786
5.002689086837312
5.08904641245517
4.907222112268793
4.999992127515121
4.960286197926601
4.988394276582995
5.008221850598287
5.030013931275459
4.915903205538889
4.889628970813939
5.005128316053075
4.8652720731810595
5.010368910037523
4.921082112293474
4.9870270000785455
4.947831161481517
4.919059505438196
4.861847522083476
4.941188020763727
4.977100731103956
4.988050579826531
4.988007856426679
4.959682458283465
4.963183110985658
5.008462486577629
4.95358718660222
5.015692386362588
5.019216665577305
5.072086639661805
4.863230602558372
4.959669315159415
4.960504792632468
4.9290139202517524
4.903330252105371
5.002405430283207
5.034398168015393
4.945731245525798
4.944851088099914
4.9933796055294914
4.9223770316016555
4.947387887534115
4.971257732633606
4.8802703673256795
4.971101311350775
4.9277380577943335
4.93462411839109
4.967817602952149
4.903821944720066
5.015377781200374
4.965949101234268
4.9498470879008
4.969163735511936
4.908890011983776
4.97202828060025
4.928698132275147
4.916882082503907
5.000822237168561
4.991930661548944
4.947631903090486
4.906499887602393
4.945801118083312
4.984729799416617
4.921511272421608
4.93912488615855
5.030751342125206
4.969248367044803
4.956821464092299
4.898659317030183
5.005838341410061
4.884431187618724
4.975382630437409
4.936389283704969
5.06308505006469
5.012844940023893
4.991186398141496
4.978164829873853
4.939187628005731
4.909550621003687
4.899462943881416
4.903845504023952
4.977735396762717
4.920790856801426
4.885892078320378
4.952249457948911
5.001875947442887
4.961929811892635
4.9035544126954465
4.945381020961627
4.979168461482179
4.953128158590423
4.9149274675306485
4.93949927140706
5.030111517728334
4.852096476908406
4.961623028905464
4.968825224341041
4.9035401447699245
4.957612612968149
4.981542830481331
4.935157667758397
4.9560167375209545
4.936857257515628
4.980764303587924
5.0202398747368076
4.886734322576514
4.995634941314903
4.929970790301815
4.957449965075367
4.968284004662172
4.882917947988167
5.038798468476351
4.9516526199553015
4.991949136309889
4.941429506522132
5.027213969978749
4.971977885428087
4.869797256758047
4.929544208561687
4.954652906387734
4.923742890359566
4.96354925412962
4.955113846689169
4.930291201264982
4.846797033580718
4.971031301881094
4.976837396178981
5.0789894752901565
4.9933607859685045
5.012606431539374
4.9351841097624165
4.919105810233833
4.993463082013098
4.93293003585983
4.919751961561724
4.939662315122381
4.94018189405541
5.031248357669864
4.994903641131713
4.979060191955578
4.950955865641346
4.982785466344054
4.894381822236529
4.986570461409387
4.9867753098417475
5.008687654657274
4.897051518402107
5.053331114255514
4.978876130023073
5.000363995024886
4.972937118658985
4.915607890296521
4.938126072008665
4.910639672164759
4.849068767087328
4.985310261009229
4.9380044897178745
4.987490609872219
4.972790261200109
4.926263104318517
5.0050572117642815
4.97842825821772
4.958726888970897
4.93025834459443
4.983667067193782
5.001629016996888
4.961227623459477
4.952479176002296
4.982263634751862
4.9957458648178665
4.963801192017337
4.918154375017482
5.024128849486558
4.83045886881137
5.007251220477372
4.935682008420668
4.945859458807433
4.953724695051906
5.001174302076264
4.951970669770467
4.996017232244112
4.962251482476957
4.959952261263728
4.854634865260494
4.9622161134741365
4.897489370269813
4.9578281178618475
5.0425521228765895
4.9195944519484165
4.977533765528992
4.868581755957453
4.966621972104306
4.963328232657934
5.050955750923076
5.073764523527509
4.944433817519014
4.911646048586277
4.920239742298389
4.8906468595175285
5.065082059698268
5.01881922609344
4.933668529800063
4.955069341318442
4.936363521516387
4.948152187420367
4.958900729405604
4.934695961446622
4.989338310150208
4.850854748068603
4.924337893910008
4.9245502299990305
4.967519046261712
5.010131974611722
4.918246835911671
4.869959391432451
4.880655040948961
4.926797205655772
4.8928302364492815
5.010473011007687
4.996426010355556
4.883016964530477
4.981932276818446
4.974003621964347
4.9838370149788105
4.918828283682993
4.9809832736830275
4.918225176283479
5.0075796715318335
4.996769331528663
4.91947381867664
5.006494739942774
4.818390209349906
4.9218528252518485
4.941647364733999
4.925350512159987
4.912622812672831
4.968583581208474
4.983542930953541
4.960066562963144
5.00921057868699
4.958869960759346
4.880651869734356
4.951723456610567
5.000538509058714
4.903171185956208
4.985043968002691
4.943223458528032
4.975137846481882
5.002093017541512
4.921099559830578
4.970555946575587
4.898833993761378
4.9882576459916415
4.922542998810964
5.001437853324638
4.938530314128914
4.955266399488286
5.002628067384517
4.9899425011278185
4.863486142827656
4.989207422430234
4.9006661036523695
4.972377260334936
4.955031007250387
5.011618706378501
4.991347335843681
4.998144259593241
4.91202800938787
4.9579944407683625
4.916603491010604
4.912622538785244
4.955763940741288
5.022103043560764
4.937847189470044
4.934942244667063
4.882009677239797
4.909872522318391
4.981716235690015
4.912184414677429
5.00682143228276
4.916359617071841
4.900945675652419
4.941837506414647
4.883352039047915
4.930636141617178
4.988423834651293
4.9542526375113995
5.00110001068174
4.950900488747187
4.900132003496682
5.011881940040328
4.872483259445522
4.904868528946166
4.977324212168405
4.9975657700075455
5.000160249664552
4.9836863264059525
5.018872513916778
5.006523657870121
4.885760029848665
4.953662757629809
4.927964977620725
4.947707877149568
5.047944738294083
4.9740626329414335
4.885396570413111
4.93548491916367
4.967855543142852
4.933602582730429
4.929078855573054
4.903374839336733
4.97258208574517
4.976743755471446
4.997459967452024
5.022025891184906
5.013210082598491
5.0024293973861775
4.89720558895145
4.955822423591893
4.9377433239934785
5.029433730895937
5.089302219110401
4.920423785943209
4.975575461905507
4.919993905400127
4.863433904154083
4.931104390619496
4.948127518519818
4.965296841383774
4.902278600433346
4.990593264215515
5.043840149588689
4.935561335274158
4.988185151589165
4.95185719534882
4.940975528770749
4.921204186877831
4.99585539551334
4.961506629562963
4.859049269943857
4.932309285270705
4.988258917074176
4.943023860782458
4.951295375977127
4.95576406954441
4.973330076517958
4.92116908769325
4.900770066358753
4.9309816720059745
4.937560818152601
4.965147953775084
4.927077796591576
4.9326160670638926
5.027136668365378
5.025241524963425
4.9668191809536575
5.001675088228568
4.882639650694149
4.958592348789254
4.96051271080545
4.9472267496528275
4.975414077599358
5.052868586139706
4.977248693923673
4.860948251986829
4.936740139668492
4.986717780808447
5.003917385302392
4.892756951198867
4.955212584615626
4.911069412651523
4.964391231791298
4.944486890180523
4.865734686080493
4.982113098143681
4.921500921079475
4.941685475034505
4.984897477838894
4.963766459825012
4.961995419496633
4.892289447989688
4.966695016852621
5.007717532784746
4.944208324387852
4.9675040279655285
4.985085510705757
4.982977515857332
4.929806288869496
4.956406389332286
4.996411947481927
4.914934633331528
4.904326570576812
4.899026866293431
4.957434080401607
4.994293054548839
4.912484641123264
5.032183842930525
4.944934230197471
4.997360542716841
4.943957217981251
4.993094333656846
4.91478447670942
4.985003759371892
5.055379167784702
4.921817140580427
4.98639109426661
4.952815930508335
5.000213715031803
4.95360907925665
5.0263157144744115
4.981758903518838
4.910420604940459
4.952758731029498
4.975611224166342
4.9430540630374304
4.849113622447127
4.887616732128927
4.95072376734482
4.982562626363795
4.977654438921899
4.980757719052543
4.987923047396121
4.902180576620335
4.973185259784814
4.942813941895758
4.902262378218384
4.963548151230898
5.004748623364175
4.911750503169299
4.972325432033885
4.8505633210378
5.002183508002941
4.942480649371242
4.895456380457524
4.947172285700689
5.002471794695147
4.934364614872427
4.965177127569235
4.973276735008915
5.047143193455597
5.002889145561762
4.890276351319733
4.928439560350742
4.929020455212161
5.011742042016084
4.9242946109927175
5.037793096360357
4.9471593297959116
5.031617984524124
4.945139590143088
4.934079978212067
4.907360375638463
4.997039355684276
4.961294728576951
4.961814145484355
4.964603767579318
4.977655852775328
4.899942649197958
4.956716114915002
4.906752677215651
4.912707178749472
4.958026303611412
4.967385699613702
4.9476227725642286
4.941097562742699
4.933487362960897
4.992299609886993
4.969155116638475
5.010160393230818
4.990048653456773
4.953697336751325
4.989059827351639
4.950030837244918
4.987127118827519
4.974491710945552
4.986958424218904
4.926076267562976
4.973243078329541
5.039888842354518
4.962820038179653
4.905210935644216
4.952883213854676
4.949233684435212
5.043187518722768
4.959974135476232
4.916582596654986
4.9201410282020035
4.972614101451449
5.033496944754701
4.958609241039607
4.939487663090016
4.981419114754347
4.99515111510598
4.937511969719356
4.938160528042548
5.001586008582362
5.011677619661729
4.97605413363547
4.956041925053261
4.912959538588833
4.97084068632051
5.013118928959953
4.974141486391628
5.074510607330769
5.009615229188184
4.92007307797518
4.95654322181985
4.975372647213268
4.931627315764801
4.909415232143324
4.912703618083703
5.009511320348093
5.0657836514237395
5.034092138108231
4.915765529858846
4.860125831586062
5.002716644310153
4.969118714874177
4.90291996499388
4.9363823180612885
4.985505565952947
4.996579662507645
4.895165062400559
4.883294950653286
4.9097071821121885
4.966452415871625
4.988817320635032
4.879136702283295
4.944802231893647
4.975600284278433
4.9060637933323745
4.935072762261446
4.92560789494507
4.947892941815804
4.93807277804883
4.9731718189361445
4.913015732528865
4.893897934504916
5.005764737319794
4.925368664043624
4.918197154840099
4.952938666561595
4.991481863561375
4.940547336738481
4.944948574689414
4.9552603843078495
4.903735679385763
4.950603046410007
5.03349114841899
5.0321609726814005
4.998303561318555
4.905337371778876
4.9018637091981745
4.982299592075115
4.970000682312013
4.95979488889295
4.945782973169663
4.910984092017784
4.944349911585708
4.918420108685497
