5.336955640545276
5.335041745899626
5.24959458899983
5.32560210690442
5.342811278742425
5.304555085452794
5.207523357230067
5.383475322205308
5.353124075879933
5.338109415900835
5.2897864414865525
5.31422507937871
5.365055448654996
5.250559841521391
5.327701185421256
5.366142577006282
5.30988464151019
5.32263955269458
5.3862759588450935
5.3211560032241465
5.276704640550918
5.332515097608174
5.274899278134671
5.261382024690038
5.355042821476084
5.381669301663618
5.411045312680398
5.34529162796238
5.393073311549078
5.369187140741036
5.370772727474047
5.247851477015737
5.281060788687365
5.371414220839134
5.251425902373391
5.288356174105781
5.396812084789124
5.379840710364953
5.350125214847016
5.440302224094302
5.390484256654737
5.34226404768539
5.310083201075316
5.301398248428834
5.293824636073216
5.335995631266856
5.41489397912926
5.238108740931032
5.292762021395499
5.314717297103926
5.443204738484425
5.342375550826619
5.372287228872212
5.306399975099965
5.274993719676666
5.35130292683446
5.324677103500109
5.309754840812297
5.285610771076646
5.315741273128919
5.254075373029951
5.345989498162671
5.292365275099496
5.40816362212316
5.304092851030545
5.418952034652445
5.352939470821721
5.282618498458759
5.363492452419953
5.273927466006885
5.379355364722398
5.333584021209239
5.328675219059071
5.306465697736035
5.290622250368912
5.250312610912229
5.299736788775359
5.304311013751663
5.247958279751359
5.273254681488446
5.400518581280412
5.316813276027172
5.397394240249931
5.302127494045999
5.363744994047473
5.37613881967519
5.296391354847774
5.253516562129546
5.391503048064016
5.348545092516141
5.343897710405435
5.337510955656038
5.344454035423742
5.364226175759173
5.371007953629006
5.277587245266035
5.360444992600753
5.226428695656701
5.2811870187833625
5.315998336671296
5.367950198071073
5.356016078239985
5.290796268977112
5.374703350166613
5.287373043397478
5.336397512965893
5.307152627147694
5.335048732356478
5.289371121556684
5.235702416289484
5.429262088438262
5.291789337828005
5.350995055357753
5.376970114526873
5.353726161250055
5.376075469945645
5.317946942366146
5.307804344363475
5.264537254075057
5.410611348371471
5.316271098662924
5.357213695976944
5.366520182913386
5.393939508799864
5.3226898051968625
5.241015543754824
5.326513394310856
5.316707307282294
5.3399776049121215
5.41535850217131
5.345112264446697
5.315944126931693
5.287273465225208
5.2784227420158585
5.294336045239796
5.34748909666756
5.355735238311486
5.231350667057565
5.322696938408132
5.296032671744115
5.414321648738055
5.287335679239365
5.3487355309914335
5.300731235819132
5.345324412096313
5.361091186678925
5.239633259693962
5.33316120584171
5.3664051092749485
5.31759025121726
5.344644955477728
5.3383690544888465
5.431909284546423
5.339207808841545
5.310705471055894
5.303507153884671
5.405354465198737
5.327201165561043
5.387919612411359
5.2684984393400045
5.4008639171656885
5.370350290068083
5.303288617901315
5.362472778308319
5.362260603832126
5.2900518546790405
5.351685425226178
5.346795181126128
5.33810499407412
5.353479955935403
5.236613710837266
5.387385096099725
5.395641669218588
5.389714702230601
5.368328302801752
5.361809107791151
5.310573328996771
5.381555923397065
5.308042454109763
5.3713395001798006
5.25660257857534
5.345750010971536
5.362625480285942
5.353329445400684
5.375938281998895
5.470589188959147
5.327199038381673
5.446403073707366
5.311009313247143
5.316579197185623
5.256250988984381
5.275785288712723
5.384500456632395
5.330463616415881
5.376270433035992
5.348342012508031
5.310324145468477
5.324456048116413
5.377939868319172
5.387753678812456
5.315332388327962
5.392399135118698
5.422845818404792
5.304397259480935
5.379882293218844
5.295993362886535
5.350976218755662
5.302456703566855
5.394234306511512
5.295003121371894
5.38163878695548
5.266988511743137
5.28534902941732
5.363700348216683
5.365594538845986
5.365431162588664
5.311164797603163
5.406738658192425
5.349871046121536
5.279465194229337
5.339486082762827
5.402922747549301
5.2421811691571
5.386870235678944
5.3358391191697185
5.3307461722827485
5.3919258254411435
5.342407945684869
5.3766541798692025
5.294736734462394
5.330801054008197
5.322812863574924
5.33749033763488
5.325545812187041
5.331434483072878
5.318278747821597
5.284445286514146
5.335176568643534
5.379104537188331
5.280208126452192
5.340449585633896
5.376400158838421
5.2710632233640915
5.346104099031945
5.417302088541148
5.301621567842714
5.345041393709233
5.402011738845698
5.361096338656201
5.405707853171186
5.382361431891295
5.309135018241188
5.362197640326917
5.287599970242331
5.365759496452545
5.283551711271702
5.311340999670143
5.335591245329139
5.4152449664271405
5.216248967944385
5.357809255748081
5.367513616444217
5.335981997423776
5.28568856718851
5.276235557321372
5.385776944024745
5.25850753472538
5.3014528967256345
5.408886630714571
5.312323264673687
5.281789906682003
5.331764020898192
5.317292119406313
5.2633113046901645
5.294621033885049
5.323036493687666
5.385890050750516
5.390591967523551
5.291034445760505
5.24578487583742
5.364108143486773
5.2939356973325635
5.428454921713479
5.303199980335618
5.3932516984478545
5.291636557753844
5.375497189901014
5.3506131034082225
5.261231339967976
5.34262543268242
5.314275848501641
5.240665640287187
5.347388242974332
5.326238779329797
5.3562508177830885
5.357259487684121
5.3353678107444065
5.309505283388631
5.364250058059777
5.412505694251194
5.36184638460692
5.394388785422095
5.357120318197785
5.3129534307821
5.373829504510981
5.3381235470947885
5.345208216446643
5.402991356548846
5.361744804773691
5.2818932390189905
5.3184066214725325
5.328774178332836
5.320501087334362
5.256135118365144
5.390892415809074
5.371097369508734
5.352822027407111
5.333249381973198
5.264315415421802
5.3475105634538505
5.366358517738372
5.311018122256625
5.376895269858004
5.405122722300949
5.2013303475186925
5.362678199398824
5.355130751234784
5.329607700233166
5.396821439701901
5.3547373243033105
5.290196904701013
5.275700557067376
5.354226690028026
5.378833651791587
5.364305528612185
5.369214125087751
5.2752114183565775
5.314333811113395
5.34408204260978
5.391412984025647
5.296458414364661
5.33902260123124
5.315741314027757
5.282112561022391
5.357144357302739
5.243078124636423
5.209688099765584
5.3498285179807255
5.393984371065749
5.3773562694918695
5.29286087364758
5.267887690485041
5.375917910103402
5.403964036969189
5.28262853796131
5.195374396771016
5.305191204293675
5.280281198403503
5.386429522797104
5.367990359228901
5.353013011418579
5.352196532296625
5.45763759628072
5.331051526654009
5.346148936689294
5.354326949032538
5.237046495955266
5.345698609862507
5.228781871472679
5.310052294803216
5.32871530230978
5.39564967842936
5.351696071961007
5.2902224590235
5.33411366762759
5.269685522385118
5.201683905529115
5.3594623922614915
5.378679265526345
5.298176547538528
5.348305187708156
5.323756643297559
5.340667348746366
5.37491916008033
5.358775136498475
5.372625427476601
5.329796509446567
5.336684485620942
5.324323255903225
5.36145544028877
5.4185042164787065
5.340073123863104
5.279248554637512
5.309404702102797
5.34170706651223
5.385019490985324
5.385182602017873
5.369925694230709
5.390905805672863
5.171646903032931
5.358017455925797
5.299719590788088
5.330975831498003
5.417145920673751
5.333634843986346
5.399342915885849
5.341104098803754
5.376356355473736
5.364659087096782
5.360812307203582
5.344260446352608
5.341568785868315
5.3772121379880575
5.3434772197191425
5.405266853351906
5.338162307222778
5.389896681418345
5.297279971171678
5.447247939203948
5.28216281985712
5.390675517540243
5.34133908953288
5.344948929864459
5.47004774925562
5.344846755692463
5.39458866947376
5.316566646821949
5.327993212604673
5.345165083303637
5.286572901460893
5.332931396152104
5.337543154130446
5.347232729275107
5.34895382532529
5.338689386743506
5.362552509121081
5.322202683356878
5.324103686810795
5.378227441352956
5.26816682182406
5.241123343779512
5.370020525384008
5.336374689901065
5.358393074174506
5.288222308638238
5.359690824187464
5.230464521935615
5.31826736840587
5.224610430107207
5.290579014340494
5.320292961560422
5.276527975396041
5.325167888944885
5.325238827831121
5.3079627591198095
5.322695175995666
5.392589785682696
5.301526459856799
5.345213403840832
5.268130112172565
5.314151541983266
5.349689970027972
5.277021578714871
5.257318169749904
5.289160624352734
5.38435344952604
5.361886463077911
5.293001628163293
5.28213801227056
5.38470603462857
5.320345042417529
5.2658233917165385
5.31968973097531
5.350612383867328
5.316772621046779
5.354788799760743
5.296188538053532
5.29728935287835
5.342989941601274
5.318075455550584
5.3521663918114895
5.383469995873825
5.331438217982134
5.3061822545805075
5.3555607235159055
5.321675752174045
5.339509006856416
5.432563896725034
5.25952663261102
5.353836821158574
5.32568902413935
5.438743584664121
5.289471904747836
5.27437153245678
5.3496414296214745
5.355111030812265
5.331453984621326
5.252613044627828
5.304845602043957
5.260749391114263
5.32645805058864
5.294582615143769
5.2069005524836145
5.405185598030417
5.3259927792590425
5.4064824886249365
5.309389506629899
5.328371833392625
5.297291817875707
5.366730724333186
5.385750651399639
5.272898734821907
5.411584026927939
5.215148264288354
5.3483128303404355
5.326247653955752
5.36649782927802
5.334055726590783
5.396583361603524
5.415072826220235
5.295152324814971
5.36178760396193
5.296395932550321
5.384752539787463
5.390108283422671
5.390392437513305
5.387606993589521
5.305660257233585
5.312959131158838
5.448097206426545
5.403733398312614
5.3297177919117935
5.2878007297590175
5.321747947533823
5.385709249976625
5.348250297115003
5.352793689781334
5.343795737458212
5.288144342659368
5.274453692616875
5.342923087673429
5.403273896273349
5.209327258976116
5.337107393274059
5.283082440806567
5.289087785632181
5.31689433991191
5.308396175122277
5.310371841939527
5.328266757327992
5.303673505391921
5.318523496431775
5.287941459332894
5.345386993553796
5.2893414067224125
5.236743648416739
5.340837655929021
5.3487255099495865
5.322662328147512
5.29361656118547
5.396121130076155
5.409435324567917
5.253092178379507
5.445132495459401
5.327840463064352
5.253075867449257
5.402221060657115
5.343382435072079
5.338970780560263
5.361184184717777
5.325616081217226
5.32746055444103
5.311795949234288
5.300588400909058
5.386865250668043
5.315067138788347
5.319402622499149
5.395147751996072
5.289249495927415
5.401437972542976
5.3422073226213955
5.302435724480225
5.331153642336399
5.2972674960719095
5.3788708636089995
5.356085670142381
5.446461880007082
5.3073492361411825
5.32801278403735
5.281364266235377
5.427499961034876
5.2169805420430695
5.310182225474577
5.278030214974011
5.257465580242473
5.372073516986911
5.245162141135569
5.36113568395136
5.402124498474824
5.2921266220189915
5.3665808210274175
5.282462097549
5.189519845750822
5.270253815277827
5.347910720751655
5.351706259210538
5.271437667359243
5.3257301736960745
5.353044030828575
5.336291969389342
5.316319900817532
5.352921487574564
5.325029976762097
5.411462772993379
5.330566613577228
5.370655491684275
5.319223679680933
5.295542257677073
5.293909721172547
5.338381334358462
5.36854732483294
5.302494172637487
5.335281884998811
5.298613150198114
5.411322255965832
5.360198867082933
5.357326540264857
5.297917736983131
5.335674243281794
5.303518801258271
5.374261186095117
5.299500286923353
5.214467439641075
5.318389386360822
5.320799735309175
5.346516583942814
5.288894751592964
5.350214522107836
5.304782679455755
5.332107550590685
5.33953817535603
5.34720320263254
5.3017276912606945
5.291319129794369
5.359514425197007
5.278188724163042
5.327091787804521
5.297204393892754
5.40989081042717
5.278064652540311
5.319672117285798
5.348239125507106
5.320822444178341
5.355870818434894
5.319965148220077
5.317798870546254
5.363259800674187
5.363577074644652
5.326015201167541
5.284006957218961
5.337435279729371
5.25636305051976
5.3249648172972375
5.362982183089676
5.346212193794586
5.2928866585642655
5.310772174980666
5.354955335346124
5.346138759719104
5.357362580206856
5.335388507731428
5.300786897573572
5.384075768854272
5.378195853697924
5.325169917529358
5.402571564207026
5.265161709016748
5.269117482743391
5.4519872174793935
5.299552083936732
5.2783889597411875
5.347628380921215
5.336257935414005
5.3620849301136895
5.31660903713289
5.294773769502202
5.385440270736133
5.361392841424288
5.373116239198093
5.416827572108963
5.321780920617719
5.221082549498467
5.291928638134436
5.232745497863546
5.317030868335237
5.272692518778088
5.330402114161468
5.332527264841927
5.3086682522952255
5.3607851293768345
5.346055576915054
5.36753677297434
5.33284207660776
5.41315763779146
5.276010954831218
5.2835265074244635
5.390106022703993
5.322323689159586
5.414660699053555
5.3357665665645095
5.294976254348139
5.383198305575211
5.338399045508885
5.298098967085272
5.311097081779642
5.344143855707655
5.382259388242775
5.3451915060765
5.317243756149008
5.260488239440309
5.281271284429039
5.371087287940012
5.332052029673279
5.394518641791475
5.325876903738841
5.323289231974808
5.357110271558577
5.382135734281829
5.384441972120546
5.276289792233838
5.379530380018544
5.345168506483011
5.383457203285062
5.279918804650134
5.313292934694748
5.33285203552592
5.283721439621175
5.275680900018557
5.324081275334903
5.3290512711100755
5.451774835639631
5.280255717882655
5.302665708254763
5.3485091063308285
5.32398857828714
5.313051138333445
5.398884883032455
5.299041046524993
5.372679460296737
5.443253514104259
5.312514141461386
5.354376614974153
5.301078789688908
5.29264050935879
5.398706956612927
5.475335416854566
5.2636791479868
5.3333824002773325
5.283645080391386
5.339000086692969
5.250701479901575
5.316037720502102
5.287382711564503
5.29961197683608
5.29404781769518
5.420025763119528
5.33722940690118
5.4607539335875295
5.297279307391635
5.237681893892713
5.33939703829168
5.364934258041924
5.358650456684601
5.366650816081441
5.353798805843218
5.363054363832274
5.2627127282220005
5.3612362604615065
5.324700481065732
5.324683890242528
5.372230374494702
5.330232811683811
5.244695977822561
5.27618461223719
5.424408886202341
5.274631380450394
5.286488586290733
5.363633142659096
5.295616838425104
5.259348468403224
5.320416525942516
5.30892263719517
5.416198201115747
5.3585572398775465
5.299101394020264
5.26955842209072
5.217855434663227
5.326397669772646
5.36409742059414
5.411904864903383
5.283236553339275
5.3289871427846665
5.271488822643385
5.321159710582947
5.28154813809721
5.336609346834556
5.320152456733619
5.35895616870909
5.226147486898699
5.306471148899413
5.338890663124496
5.270309604174778
5.311373015407734
5.312779261050966
5.39887274612835
5.319645331111074
5.307905174519372
5.311271438111193
5.3649905627656835
5.369461342653572
5.3739351156779405
5.251791452626668
5.381301236471329
5.419748329933138
5.2476905170927255
5.385125362624235
5.28379528791601
5.251886096274707
5.402725577865319
5.373858724764132
5.341302898762155
5.311615631576741
5.287247426512776
5.289039947590267
5.353882159350844
5.329555597384229
5.359184295834864
5.325753171706196
5.356723911484689
5.2734957727646785
5.3371364058109405
5.332666963612216
5.318831432651446
5.35496044942091
5.343857151126185
5.3627777354559925
5.343362472486274
5.3186315821921575
5.3141737628782595
5.244406218204962
5.272685935969788
5.375058847626156
5.278852379288534
5.289136515708577
5.35148580361546
5.294725301716222
5.386840884207717
5.325793314690596
5.34385797327495
5.3279785237798105
5.284923840090128
5.370791598320189
5.320249808802053
5.3308884704890165
5.327538831223668
5.346586632940287
5.295375998555935
5.288187559601614
5.316181664209937
5.402767917323855
5.262887421014403
5.360026722300296
5.303228556073776
5.318604910629997
5.354176595748024
5.270665540071367
5.297290358902723
5.335062398831227
5.309411169817775
5.297175132119783
5.32866459120822
5.317787156845038
5.197027428894175
5.262126973766911
5.250973018457702
5.336308077335288
5.3681356484709575
5.286103032846784
5.288348844304238
5.280493278269792
5.340263758701884
5.397283363245858
5.377416325928249
5.32988226095164
5.354882733412717
5.3556107411020575
5.298510731260348
5.289581149262895
5.319332990894969
5.2906791622717515
5.366450646993318
5.264248816186768
5.290025120470953
5.254036189682577
5.3426026715592485
5.319544879011579
5.2759724440694615
5.294862079647785
5.360504706474911
5.342525500412151
5.371732258254843
5.33112184670437
5.289218231612555
5.3661695947245605
5.319444480975472
5.346109953093297
5.293054292924148
5.297647587854174
5.37538603826245
5.300812175093517
5.315378547065279
5.3283616482788085
5.365395726835149
5.381885466433462
5.359599398376101
5.380666554468914
5.247595065031797
5.244886189482487
5.374432440007243
5.365365096229039
5.344042798425515
5.323831410275042
5.413288542411813
5.322194538003797
5.301702316087721
5.3170464548203755
5.3196623912854335
5.3131812690166695
5.329070744584219
5.330311418407884
5.297487536335944
5.321665128092614
5.356696471666963
5.289478298183997
5.3530088176847315
5.370882232563254
5.337124132213366
5.336414260751624
5.408625587737387
5.227748178204895
5.341942768098324
5.236531516284672
5.262897970872397
5.283105632326497
5.322665584902933
5.396037310227726
5.298055129101056
5.415896141465381
5.345132707650341
5.315058186012178
5.286435551986431
5.346230063243839
5.392983376459518
5.409356502508252
5.39672886478299
5.3652506244042275
5.281809874883152
5.379379928475397
5.2808798505065635
5.327339387371478
5.3828474724503055
5.380515782820382
5.3423764936615585
5.333016130451964
5.342655937669771
5.312277638781217
5.374091818468715
5.396948811421238
5.335595353599928
5.251259188537933
5.277487151082962
5.334836501565358
5.352647272675499
5.401462287823622
5.383954248752615
5.355180633400626
5.247637239626866
5.30159880781979
5.332543013894817
5.285882463119474
5.305289830400855
5.309509734614194
5.380616425800015
5.274940340269692
5.372960583893637
5.334655359169427
5.282802142927542
5.3580029568794485
5.348848513302137
5.317504088786361
