5.341546125493158
5.347563885564963
5.411348776558186
5.303398223248974
5.241266813056434
5.197207543500934
5.24121248148257
5.259358995743359
5.40372879682571
5.3008618054032235
5.207841018349376
5.236306740578916
5.225668574619542
5.368344271493486
5.279552643665965
5.338265244719714
5.28827573129155
5.24526566523214
5.332649368969928
5.252520279358324
5.156478352020258
5.279996046972605
5.21661272687617
5.287775331350215
5.270700758205765
5.301573150547123
5.2531769882432044
5.311184713770513
5.299205970646871
5.253162223673764
5.22185542200951
5.192107552882893
5.251010777222176
5.2261685748828635
5.282544296263326
5.262486669226805
5.294354889896755
5.261158089295368
5.308938650664471
5.235406913717325
5.30197448273901
5.251581459070371
5.229866230400525
5.3103183445580875
5.305115980717831
5.302618222820951
5.2136449451818825
5.300971254636642
5.2709274814275595
5.267844247396038
5.303395191261142
5.236373350853336
5.36756183511257
5.250955145670469
5.194087128956139
5.234546723138963
5.268205766818211
5.2186963704393
5.324736666193413
5.250193300859726
5.266890436059427
5.291172227447846
5.187878625371595
5.276327570783948
5.312381540186851
5.219211331706561
5.2878752864363285
5.216663088730004
5.306702470555572
5.356367787744968
5.196114416124279
5.231371439573892
5.141481908421674
5.2269271369462995
5.214105630826874
5.309462696841374
5.118348043226849
5.298965435054917
5.307608563694067
5.281683011400276
5.303161674346494
5.215745568726316
5.321704520266463
5.303583994220047
5.232670618572499
5.231422808526523
5.327055184272205
5.234730209470499
5.302527979894447
5.317023587420982
5.214892591467519
5.307479810401825
5.192262841631291
5.2858390438130485
5.223949185131832
5.258301678994703
5.312773719317669
5.299094708262993
5.239065585240682
5.338406495284488
5.267013123304069
5.276548095535696
5.292962191089492
5.287197295492772
5.290216796044202
5.2162246608514025
5.205043912662053
5.2307118599099365
5.282040681817836
5.345622555447539
5.336238130185323
5.308900725169743
5.284253480466705
5.317775578329416
5.321336434862697
5.280006314840971
5.278307025889699
5.267233006964215
5.214427438713335
5.294167406563065
5.188537366792085
5.313481702705491
5.339044135826297
5.272310265026294
5.328476366591981
5.40107207578514
5.277378760564254
5.28828725550385
5.290333901366091
5.197566820421132
5.2842161397415985
5.293718781919538
5.239843690614362
5.258558203538404
5.316588582416922
5.25318000515148
5.182621719794476
5.191204454346723
5.235038982253669
5.215394976854764
5.267119397803102
5.229351215836456
5.250908619317048
5.261693693709617
5.2767565662124065
5.266598745955352
5.278898909128353
5.3204517175725545
5.3157694504047655
5.3352431351941725
5.209398307692676
5.19912972313311
5.324186890500757
5.281374518092316
5.288563134340992
5.212832822095797
5.306166405480968
5.273737375851082
5.233333642671274
5.255452131722447
5.277130839411172
5.269356827673949
5.280111732778723
5.421554296546575
5.301354908629578
5.287605711152099
5.3236885053094705
5.307345491573586
5.302920097323327
5.2595907419405865
5.312896244544178
5.170225264296552
5.3360662873312155
5.28342835048067
5.254283713134352
5.190893313604685
5.301414492765108
5.330056268324025
5.286317080148391
5.276838848523505
5.275317783458808
5.264783495282545
5.191300456306335
5.297179977000705
5.214658458607663
5.2331767463240855
5.224954996799699
5.233373868824698
5.2754422645015895
5.236012846109674
5.305754470189832
5.3111703907103855
5.218801370789784
5.236434141926311
5.288870735035034
5.305414788858043
5.328332990537331
5.285648194428148
5.253291612818398
5.239136893040236
5.229756130134111
5.317348078472072
5.308345388782187
5.3000013753108215
5.242196789983591
5.237280964233404
5.187444023693474
5.2912440220110835
5.2960588049958615
5.3405301277474715
5.22046680288886
5.22829125556907
5.24998359164865
5.322192352391472
5.292409385502155
5.267978339608237
5.318316736118994
5.149307924891603
5.228923237032832
5.181551684290598
5.3130062296110845
5.284664974721631
5.280478411243944
5.211660840314791
5.307761243129705
5.267594315549435
5.317424759530622
5.18778370624389
5.303611708063917
5.3808641117224525
5.274670990363244
5.326151737767575
5.12794269937957
5.322895186023726
5.272956068262208
5.191760904575533
5.273704859016363
5.305802320358697
5.197967734678957
5.28116769617364
5.337473876557785
5.210802641563755
5.241592005233399
5.293700844753941
5.345228262156145
5.205780562446659
5.2212637646652675
5.138327549095125
5.298441609085316
5.249551312376136
5.203403476037985
5.26105915001663
5.260358358124899
5.245914487238506
5.276688452747164
5.251329067273339
5.2811594469882195
5.215858325404479
5.293844454798744
5.32270545512586
5.357146238576103
5.210663279732514
5.282416823494482
5.303426906744094
5.352596858459267
5.265563745052717
5.24251656577895
5.286030686376713
5.338604958451475
5.3118722150759226
5.313850895021362
5.365625353724968
5.221047301715165
5.273982736930013
5.237577932030149
5.360868752437481
5.265921739079145
5.2956539549820905
5.332868024877323
5.326274337085126
5.228098370537695
5.393039811505103
5.252679352297444
5.256657558033107
5.322433332183257
5.272547656709318
5.263529571339248
5.262341554806356
5.1755775662773065
5.3149937424590865
5.229688467111457
5.3025872709208315
5.182887092099405
5.206846021142532
5.340009843995227
5.312314884348831
5.229213358097816
5.300254647942932
5.299433285493947
5.2100720167793
5.301916396717439
5.207628371481075
5.277633986098071
5.269551957759515
5.305354916413327
5.283529717853637
5.241975752476159
5.313578052435947
5.290183226337317
5.276948849913905
5.212574018321386
5.2320668302699085
5.2936207057404365
5.316620622725427
5.366191907626217
5.212265353825473
5.2024409377738134
5.325229629481905
5.270302755737599
5.307879418399624
5.3095694597558545
5.320878847873023
5.223994852366931
5.273613344019857
5.218750256434032
5.259606539317102
5.276695387469318
5.253476058233037
5.23771962183688
5.248559429831407
5.262798148479584
5.317855796620135
5.256035234637722
5.2992488516826
5.218196166465616
5.283355589043588
5.205518495802482
5.297143140355025
5.311619000479623
5.28512331742607
5.295815859499179
5.291578399370354
5.28072083801746
5.23064205090282
5.29973796458788
5.281487470578905
5.2574478828665985
5.287775030562822
5.335486736463525
5.288616255068213
5.280541218282131
5.3556231475410945
5.27471876528454
5.30839071401866
5.326560261252745
5.244209786385222
5.20799769901583
5.340784866620973
5.240253540412888
5.317165881894956
5.220453643865466
5.2588807534964745
5.228101429027844
5.388692406681414
5.3008287405156365
5.242223053564085
5.29517930969042
5.288785107249257
5.350245720486124
5.256625999740808
5.271769800939612
5.229132070783428
5.253901451891344
5.31450356122056
5.224053224656083
5.278002720558318
5.271760558411855
5.315423815864367
5.250454411977863
5.207910418139197
5.261689458033676
5.336988860827212
5.319482939120122
5.303535290766709
5.313021354089364
5.239450316422119
5.200401690917298
5.304594073964953
5.310507051295262
5.337872234974233
5.31326606796203
5.278302584502243
5.239319226802776
5.2228015212680114
5.302468051992517
5.30498053263068
5.22242395280036
5.204677037509041
5.283559368151727
5.290742568800085
5.31830571300383
5.247592780965167
5.31320778100706
5.3198563563759675
5.322781339518516
5.221846630054575
5.318561824903665
5.272648421594596
5.346747214480042
5.23125305744586
5.370673078270103
5.334023278360106
5.251310841750717
5.246600572929656
5.226130411951722
5.265036406938664
5.266449026299531
5.2294687959229105
5.1881671152048385
5.2836043240025
5.286003921970328
5.3313044105854726
5.313817756960681
5.290800218734585
5.158241308514546
5.212358019210602
5.242453427059812
5.34024597054053
5.283483582718656
5.2575179352414185
5.3004958664013815
5.266438301165213
5.233782368470155
5.323480425533423
5.364284387241024
5.20274099511373
5.303747032567442
5.311067480595521
5.321145702839325
5.32179681619926
5.211094193613247
5.270974199515989
5.241113332499773
5.234278619288218
5.300696311748859
5.223857515506216
5.346588803415285
5.24280192869385
5.266556108392756
5.274301664526877
5.200432426811222
5.225098503000472
5.327642405114209
5.210415923794669
5.291582124385791
5.332631354221221
5.184475045571176
5.338060987660016
5.264030499187884
5.29795420771506
5.3165798261151265
5.361604601760622
5.298552620584286
5.292485248383278
5.232133660377244
5.180807189827777
5.290218558344728
5.248423151903089
5.216693741296982
5.274186292486902
5.301581314603614
5.252965785880487
5.258796121885349
5.281611858194797
5.266829278391723
5.253572143466424
5.231754385334596
5.313673726489047
5.31110663223835
5.243617671446641
5.288546360529069
5.1759159653584526
5.3100310344547506
5.347767266651233
5.235313817020788
5.296023690502158
5.232613150412048
5.263486783093375
5.279378730787282
5.215177125198986
5.27289930024268
5.202538885619662
5.311391984104393
5.230937949347899
5.250257442145316
5.263577294428117
5.266532929828736
5.333588114788088
5.347062968317565
5.245706760971789
5.298145312382833
5.33322810017493
5.224793621516484
5.3378024007626275
5.360538993580065
5.33599490057549
5.190243858539908
5.315811336578283
5.283332442220599
5.311799431618846
5.305955863016276
5.224949576377275
5.299142287925617
5.260840983624091
5.236961812143778
5.347729781568706
5.339883409018936
5.244075271468719
5.258558698355334
5.332236229486602
5.213954961558154
5.3134172626976985
5.30346359091739
5.269789058755122
5.297382026344079
5.260421928440927
5.37573170602009
5.258396444715884
5.309433632568211
5.341397523283543
5.26382919681682
5.282306473987329
5.2975159275791786
5.317778573673939
5.283908182065875
5.242520883853638
5.310874843565668
5.359289345568486
5.282829989919428
5.222845804464276
5.269769983495757
5.285764266543978
5.218427518906476
5.22246164141837
5.206790155163189
5.266941872733317
5.2394790973023255
5.217118674065524
5.293438978537089
5.181802780772587
5.2821537026812315
5.285115464615714
5.319993030673893
5.26192631003228
5.275759086739661
5.364786792703912
5.2977821876569555
5.207913998067815
5.2879293562973455
5.287955221784236
5.296302419934094
5.218268751231892
5.281179482150669
5.336410967496812
5.254637962564702
5.267691203697574
5.327197576801984
5.18923674986043
5.2295014174068735
5.310497321661092
5.311316779762708
5.184076492977974
5.208890884452809
5.318152670939031
5.213638498267177
5.23533852672882
5.118247653815296
5.26230350370802
5.3067124843597195
5.272731466632931
5.262744494953083
5.289039293806317
5.236232066619683
5.259107913840219
5.294866357404114
5.231329689527582
5.250477268382224
5.322687675133157
5.291347662948224
5.309927087555763
5.2636953101052715
5.304513103602265
5.293451853741512
5.246199795986691
5.320173635456034
5.3447706284713
5.187819167446326
5.27495621622675
5.295682886580663
5.227537120906676
5.211063942028502
5.3555371410408625
5.296563604247579
5.263606817060501
5.2948084634262615
5.266496078336573
5.252093868560205
5.221511372652181
5.243901697186172
5.257193156331092
5.22653983439363
5.246264537630542
5.278911142044253
5.277190758412391
5.25538308166381
5.169171410820808
5.262390447967916
5.219668160361712
5.262555847983498
5.2498060996421785
5.16815975449836
5.185499253115976
5.275333854734707
5.316636338792964
5.316620405468688
5.2578538210497605
5.306788082690582
5.2470264901673005
5.2931954514515125
5.263311853859328
5.240706975898229
5.271565778128511
5.336635754906571
5.295298685647949
5.259879437250732
5.284245158830282
5.2927243872008924
5.2664398680975335
5.251937334107755
5.265045267028357
5.311943447041539
5.257713881113751
5.31486766149631
5.306876638993311
5.245651293502776
5.256417089619794
5.3099739159527095
5.232173245948052
5.2804292861883955
5.31760388486452
5.270396396716158
5.260285716120091
5.324423194194783
5.243245171377856
5.184042564714466
5.274397575916657
5.235087689799513
5.128965960503568
5.33406988761157
5.1765187006084545
5.252828175071965
5.258692580867105
5.313634206109849
5.228253194705834
5.325478928470716
5.270475859969777
5.30047075182944
5.191014780876064
5.245027119985235
5.298273597686604
5.25144035252044
5.256841281095705
5.207447515498454
5.271986909571753
5.199224970853444
5.270137967872863
5.182870649921526
5.2473598569470745
5.2616374577734675
5.149715488471252
5.245324073163206
5.269821228573667
5.30942888813131
5.29965759811196
5.213714781163866
5.325159442735434
5.317988986826112
5.337126082814197
5.189926849801663
5.2886674347343785
5.259115766641472
5.246843227516558
5.352621787850421
5.315397647104747
5.271045495777514
5.171626147746039
5.2531177726555205
5.248017687340805
5.262157015308512
5.234617556607475
5.168056102453969
5.233175174880209
5.262773470052543
5.285439399401738
5.199377222767535
5.27833246466178
5.258620227617305
5.282141667617081
5.298236745049799
5.2588888442902295
5.248301599007417
5.279133398090731
5.270025094998583
5.274560284540609
5.232792289814451
5.21981938040623
5.288564712010132
5.1842419449819
5.29836452518878
5.263580775813664
5.258710282899715
5.232845923521225
5.207462033240419
5.226377815500475
5.305711860358658
5.246030171445774
5.315148627978773
5.250587857524019
5.3047109252353115
5.270148568837347
5.317892022385276
5.3217614095181265
5.216959803111533
5.333655365047156
5.267895563437906
5.239788250921548
5.253029866982497
5.233269500466026
5.269650340140876
5.242596192609755
5.242508430316124
5.3607076302770835
5.331245183970126
5.220502411270006
5.34255128594142
5.235579290944294
5.311627927939247
5.336559959889557
5.225389492000887
5.264181887754947
5.275231963650686
5.2485772591899975
5.335240502890827
5.167274112863043
5.184183674691056
5.277668584309374
5.300846062229226
5.248104374705475
5.359655309083834
5.246033608499768
5.278683516781047
5.249055911754976
5.320987798253224
5.302203881314209
5.271521068430659
5.262152994283201
5.3191014752682255
5.194740715180326
5.322588965183233
5.247658578922115
5.354298731555191
5.239037943135064
5.296177719375797
5.274661752962996
5.172412958658808
5.257743765720247
5.257466567752827
5.275753849227476
5.143619826814336
5.293684510066004
5.274982135638003
5.2131756238473175
5.236109480719335
5.274387814328555
5.243157539200741
5.333310262097873
5.249573104630569
5.248214509659101
5.250375322795594
5.279442900420344
5.353152809592641
5.280702185097802
5.273776558332483
5.277976279105303
5.243640841046564
5.237253877017144
5.249254307287145
5.352015181158732
5.230224553507836
5.2380409306366404
5.34687890904779
5.243292162392678
5.31382519580944
5.339082362565424
5.247624556289819
5.2560470429650845
5.220263274664386
5.299088785977263
5.291570563894321
5.325662077035515
5.236904571100211
5.261326408545608
5.279936581550881
5.285507339660348
5.1850358410582364
5.243857731092626
5.215508947023199
5.283627891769723
5.296583246566622
5.268402345037653
5.177833047491704
5.3395453986176475
5.285392205164275
5.266492624448054
5.173945622585154
5.233777358055398
5.146821718182147
5.278820958334481
5.244487545565742
5.303709312898064
5.248543323570247
5.285956831722553
5.3183005009497535
5.250442317104019
5.268393417157669
5.16634938387804
5.31347042533525
5.20195169475882
5.297146934617025
5.185478536754804
5.302815970550259
5.236203987075691
5.1666561030354226
5.180368125606077
5.276585985994041
5.271577754762293
5.154655397201181
5.338451962013509
5.230225962538618
5.272465220195644
5.32613164796285
5.341332267627842
5.254770412412659
5.283213734807776
5.343080218584565
5.30156768863126
5.2708933013129196
5.239522606583769
5.211685658469884
5.1912395765697505
5.197320489520005
5.185268948895901
5.200717544653058
5.219981255658418
5.329596499424177
5.2477453899789674
5.33006442468128
5.267373813688946
5.294874097411589
5.265390906390831
5.290506319098385
5.216736661061689
5.281932844426465
5.220103883196089
5.224542025768475
5.303250328133394
5.290972882036177
5.345665045841016
5.244053692453059
5.318716098145733
5.24240300937613
5.304907564559117
5.291931900460941
5.238036107099591
5.20959027688061
5.288730546309291
5.2001674176569
5.24826106474683
5.304340452925916
5.317882103616029
5.339122838690574
5.30685754885218
5.231156511275703
5.334673137752774
5.272423560742009
5.238880411908089
5.276352175996815
5.337116854589071
5.331457121314804
5.303992221502094
5.278107689575695
5.279508492805717
5.32098025282024
5.203901306239585
5.283096463730908
5.282718099735514
5.350029841089617
5.27962317745717
5.309072494291006
5.2895561627817695
5.363299673150116
5.2597283437142615
5.309895724703255
5.265887004509348
5.263137321768901
5.164075714427119
5.202831133932013
5.243531786922661
5.326590963601041
5.263688355099579
5.328764373527214
5.252819613063611
5.259157099888585
5.26480134543619
5.3185328565951435
5.281924907576825
5.297967373041594
5.271819941580701
5.268259991850745
5.271698208846921
5.256537458594376
5.249694298366207
5.349950453844629
5.334483296192208
5.325987931512785
5.267969619883093
5.270951964613713
5.216922685468907
5.296138953945647
5.324259843161668
5.264335609696854
5.21442890790212
5.215218887657171
5.175373564516025
5.255934448993459
5.336404685358001
5.230202164299972
5.208637225739154
5.250107848559841
5.367265045725584
5.272535480884693
5.275064760910813
5.261153859293176
5.297801215251288
5.251441540726522
5.2091049872208215
5.207992010936338
5.1381688694283305
5.224776473124925
5.281903612140046
5.22913542609488
5.253866847331186
5.291772848994759
5.251579750366251
5.23482233214915
5.323441703277644
5.254045567390951
5.183744376474857
5.256380541065738
5.315364350796131
5.293390182017257
5.2277500701746
5.3283791729029115
5.290453461179877
5.269844302398981
5.273955815943795
5.355679287139141
5.246228464256385
5.1728084928366105
5.1727636520956715
5.175242076030444
5.262889803225981
5.245232821839469
5.258059393550654
5.231731614444197
5.16658659828634
5.272928148024729
5.342821146238511
5.155786450761919
5.198820273841382
5.201735949031408
5.147906127510283
5.314853957986637
5.229342685387807
5.275071071781628
5.37091893373347
5.170505187891045
5.27505220576943
5.328841594059487
5.222693342116991
