4.054240916344957
4.104895228779736
4.095905520129474
4.059480321542027
4.048458034767375
4.078330374379287
4.041941386366909
3.965403800904975
4.045470902131214
4.0428545392891975
4.05019487054357
4.028847617778874
4.091962172042531
4.079521458290595
4.027133830485688
4.023638401081696
4.092798233678168
4.068454377839412
4.050293848869389
4.088374246250083
4.084336743900929
4.0167075825139955
4.065956572754996
4.044992851890524
3.9957172203929514
4.098216001530582
4.0024800394198925
4.07969986304691
4.121973575700355
4.022164899391918
4.1344361451499205
4.097092241680448
4.0757396875884195
4.07146077384296
4.0414749186022965
4.108858533769242
4.083145072049019
4.041126735007461
4.026291458003006
4.134871707903442
4.066138168174553
4.077131820764779
4.068960707529929
3.9861554533845616
4.082718457177427
4.07778446763752
4.040943794220927
4.007791222455574
4.061831632312685
4.068944786503924
4.032114010212172
4.026808238728331
4.077811651909527
4.076264542834554
4.089251772969526
4.064775236130473
4.029463010031872
4.050012887787503
4.008611515859586
4.1132942923236335
4.09233658581621
4.122254734954375
4.0660544984997955
4.066858953004616
4.001223932834285
4.168257667871422
4.0104809082065564
4.036906391363743
4.034804429823856
4.046295326512117
4.025308629391702
3.971771582039715
4.091385863977619
4.033355475325772
3.998429485076524
4.111880723389045
4.038983262373944
3.976633951402915
4.036024824456271
4.0782803983110725
4.089139630044202
3.955493362635947
3.9586383268686434
4.0522854641180155
4.056351863718311
4.066649838011751
4.017254846782234
4.107468071317873
4.096770630308034
4.057520681914804
4.119702966114096
4.010384669755114
4.11305105666426
4.0727940771459075
4.1048854133090735
4.125202437677714
4.068275079547668
4.001797502187788
4.031201879832593
4.050202833899797
4.055350419655811
4.055973250177495
3.9771326155591136
4.0785047619590244
4.050356531550714
4.035465412064002
4.0740478614962345
4.06212985648816
4.06568343461795
4.004837469649495
4.026647765876414
4.107871266731609
4.0210576514595315
4.137058767605828
4.085787091650313
4.090349640425017
4.090199496759
4.067952162972803
4.026726901845376
4.095654667642233
4.106801582488616
4.150586124651119
4.0407477933355835
4.0803236173193485
4.065128318916916
4.048503319945904
4.033890019465646
4.005739591650023
4.062436357384702
4.05188816077344
4.122772653633971
4.003614531379886
3.978220135877981
3.9999993595861807
4.074070372553156
4.054707486584808
4.034365144421632
4.155606011278409
4.045120417962207
4.019708430160294
4.073216537095746
4.112812695253329
4.086028819310932
4.140437318224959
4.067755827620921
4.007836959440999
4.026062621092439
4.045461324696678
4.085800113428061
4.024117560296142
4.061929145763032
4.090613915354849
4.057551953639623
4.083423137003576
4.0650973397593955
4.098299331898531
4.0253797682917964
4.039893422744083
4.1459846584748865
4.122858293193396
4.046897162003332
4.078545793250111
4.08201118348651
4.048356747938894
4.105516570522733
3.9910436344193068
4.01475637357401
4.057142624129031
4.09493466578755
4.0579434413834425
4.072077367065147
4.071368040088247
4.012666145532801
4.1039905342794345
4.08000218747151
4.004686945592592
4.085702495816788
4.0580450084040995
4.041025940216759
4.021582072809245
4.11100050861173
4.107450440655965
4.11640710228584
4.087904404279809
4.065141714662316
4.00184925085782
4.075805375660292
4.070939621130466
4.079882980757816
4.054051232890008
4.034370848287318
4.035973391338231
4.062310256445182
4.132042390878536
4.098950351943154
4.020388343104824
4.048976922626413
4.022793285685975
4.048763615938606
4.090853134974065
4.094425339456449
4.055392670621712
4.023563821137537
4.0657522644102
4.086175796460059
4.123903012639508
4.0757371233937185
4.102799325146267
4.0591667641006
4.067350507819879
4.025281872076459
4.082849739928511
3.9739173620874078
3.9961778922738542
4.129594234447809
4.123049281295946
4.0308777058699965
4.088246495596817
4.070503713172482
4.049087203244389
4.038420260008711
3.9909296550120454
4.066356668276917
4.162714106489407
4.068851117020666
4.075692740445729
4.0804786562673385
4.043209295469753
4.039848532166101
3.961418707262777
4.09584379478309
4.019695486986067
4.022397155087501
4.00219332888721
4.030959437895316
4.053954778333966
4.127863306144153
4.062018130874198
4.092061462855388
4.057537582339163
4.068789372970394
4.096987793250902
4.044032366277456
4.092373467346766
4.0170000948072495
3.968621392161263
4.049015260055353
4.056035674905511
4.10134959567759
4.0238525268981125
4.046660316314837
4.129133376119646
4.057365393022293
4.095140211976458
4.042769909180725
4.040677612709609
4.0674154695204985
3.9709753717382554
4.143909337026418
4.0732822317878945
4.003463698651208
3.9791953719639386
4.131895612144233
4.073174491333058
4.025409206033062
4.068579324079056
4.0126607697177485
4.07813440662194
4.0142278303283225
4.101572222689782
4.015663002787258
4.086705267084643
4.099480414026075
4.047010670846938
4.031979467450681
4.034383806475888
4.044698107083813
4.056223704668446
4.05148289682277
4.08783564869296
4.08265575587415
4.057123700315703
4.012611646447869
4.056235840965266
4.08805931710929
3.999373253927985
4.067982968286443
3.9837040770632406
4.072710544329405
4.048099609478299
4.099264924093718
4.043693101098557
4.059081540903463
4.014403653321552
4.074686459991845
4.03603590914644
4.040945922927832
3.9831543592338488
4.10115047840631
4.050049912087481
4.106035253353006
4.14177386346194
4.0926190948958165
4.108425289233506
4.0372169516032
4.1011228207204615
3.9974142810761033
4.0887294397539
4.105801548079302
4.040475402847273
3.9742353356450244
4.004583144781337
4.120045494599493
4.032783322750069
4.053627468745167
4.075553288534699
4.056861461456017
4.093619552503987
4.074900498349387
4.087305715570246
4.047094698440998
4.084217545824502
4.049054634688346
4.093694619628803
3.991579732104699
3.998469664043237
4.146849312825371
4.042480567030199
4.058930243030741
4.043043344435494
4.107181148797296
3.9890408431069706
4.04985337394728
4.031700082994445
4.0739806528624545
3.9954769748788737
4.030436902448547
4.0565593578476555
4.156950793273515
4.026023411654981
4.109069405890028
4.102772454297081
4.067605026281445
4.103743674237239
3.9305604176721602
4.006347362986999
4.064891176006678
4.0220627223262735
4.042798992245534
4.01442985700175
4.06526096299495
4.132571977429932
4.119248411431076
4.05712057864625
4.033695280293489
4.048202102000572
4.093916079327407
4.029424939453039
4.12835444392974
4.032346496076762
4.06290097416614
4.019991873790125
4.009860771014801
4.071898951755186
4.015029771167797
4.065309638126171
4.062988468249742
4.109106667753317
4.055179452981747
4.065347860090037
4.0125845204891695
4.061706293088987
4.075786761624002
4.024297655472511
4.104876120845213
4.032759025257809
4.022519709987692
4.032860292988611
4.050487190140014
4.107795253024773
4.030862546046656
4.068390181579625
4.136395055477018
4.140372882136714
4.120720850010519
4.100002866131474
4.097621969789322
4.002872816675267
4.069691904839643
4.039446538135529
4.058215689222572
4.0499587805773976
4.017066361193198
4.011240991775262
4.030809782917165
4.069988632287838
4.073482506883783
4.122921277157218
4.075128611715841
4.063890717801838
4.114826996414772
4.0934783492487155
4.043678515139596
4.071528519855782
4.0108394962085585
4.008030268277017
4.111434630418802
4.0893881751292716
4.090623910551374
4.025516236153845
4.081871630396312
4.096606833575871
4.053494207564776
4.090487480298353
4.018034285265701
4.054702020464549
4.144675459164916
4.038629774705643
4.084076470282263
4.093792337202675
4.044040970348408
4.077315029760581
4.094716454830417
4.042792817576875
4.017717240963192
4.084366000173215
4.094469587420086
4.067759847523851
4.108099295421517
4.043927206605522
4.109454166042572
4.063030339314502
4.111578413292962
3.993426390083551
4.06986128738299
3.9998588526893335
4.1253850797236415
3.9725863325248008
4.0604033406090005
4.138873816859985
4.099833353096474
4.036733198605978
4.093577237930508
4.051350765743154
4.039656755661954
4.084881073555049
4.044890876418485
4.011555283461884
3.932993900646496
4.104362428653833
4.021869022002255
4.0199282150186715
4.054057496639943
3.991741203402488
4.017240829394809
4.093407334855322
4.045480351075351
4.036962886614471
4.137961270121229
4.091873683124584
4.031556170652402
4.0972687460483534
4.098197058470879
4.085699081291694
4.078243514761117
4.125789447695378
4.085341380991249
4.095934245393583
4.108770319876713
4.021458218405707
4.039093918978427
4.098302797033315
4.095675338045894
4.043239702300999
4.102562898346076
4.073070464401873
4.113494059841552
4.10216942967041
4.026440339799466
4.057982858176951
4.025357490266578
4.071226275557413
4.06576353480182
4.100987057283409
4.070910675348979
3.999683286205898
4.076277086380474
4.010712030836608
4.043721880046806
4.041245283411248
4.056654107471599
4.110478826109829
4.020801732837361
4.040523591303974
4.023152092520708
4.073893637007626
4.0123379400318795
4.068330566675831
4.088262786007802
4.106693618506861
4.109590845675574
4.074190950763813
4.125573439879985
4.058433133489438
4.068971626233214
4.091351314717767
4.085486570663823
4.109168590204538
4.100718183146474
4.088352528864775
4.074919830976836
4.046994272760595
4.041338254374889
4.1065148580922495
4.047378024915806
4.137618701117879
3.9841904811477065
4.12850871582904
4.091577680348041
4.122881522605517
4.026882421346723
4.099977653603121
4.113542201604378
4.03605356616271
4.039667056637402
4.0863761259612135
4.082715750826663
4.091162618692611
4.161871682512253
4.021196237574903
4.013335063495441
4.068498685322591
4.127319388158401
4.0595013170088725
4.0002382244015635
4.063055176994915
4.1488765554849465
4.073214785079184
4.04696675795585
4.061755917617907
4.050976226535656
4.045378921767831
4.029459192990542
3.940065374742495
4.0664892913603445
3.9498383258834786
4.083418646404093
4.026147253835566
4.0322113300594715
4.065712653482832
4.104814896703967
3.9755214261610576
4.089307952299492
3.9830226809086984
4.047985569896914
4.040388631558664
4.0600328634984715
4.065858370868561
4.072088518225009
4.026580566372668
4.0903177984860495
4.128791726689388
4.098875966879079
4.067961288951061
4.046219517934832
4.0597506266708905
4.081396269867677
4.079979181818224
4.044845779991148
4.037653627674589
4.087521833702336
4.081096030842678
4.062111347543634
4.10070304778357
4.120011253090297
4.136608947556381
4.067589565138415
3.99119672805521
4.0305115323865905
4.03931867638966
4.104138799164176
4.083003377193005
4.073046198445772
4.057687867592646
4.009429305344578
4.0920406350673995
4.060891987450938
4.110553598150018
4.017765021692221
4.111381334331446
4.156805410454675
3.9969099129302137
4.0024020023986395
4.041976062795141
4.100879710976548
4.00549989317971
4.002928467708289
4.075865058460848
4.085936504745829
3.9968034198739355
4.064755651918537
4.041563569470782
4.11979650762364
4.092565223436326
4.019431938212608
4.081813639926891
4.131254884621195
4.0379012525014355
4.112900609555099
3.9988588552336113
4.020376109540527
4.088419571967535
4.11334233860185
4.061143106888268
4.038528433621771
4.068717030435186
4.040570120419442
4.063511341703118
4.136414087231991
4.0752203599428265
4.044508855098568
4.08548790052555
4.024390860561659
4.0842510041500075
4.037465850933985
4.12114266639926
4.124355340606085
4.073085962566686
4.100781311142416
4.107301056063945
4.106911944265293
4.044217850358884
4.06916037310216
4.048979321818255
4.0662990351870825
4.060000637262881
4.046372594419701
4.025970652697415
4.0748213622923215
3.961339337111565
4.011850868775524
4.094092921101249
4.089334368874714
4.131539752387828
4.021631628839286
4.110612565972115
4.014950240358739
4.05149019601614
3.967680773780007
4.040050418928487
4.073932681957529
4.107508442349571
4.0168451842154305
4.0117755607233825
4.029138477390417
3.9977918580480467
4.0877172588256
4.064925826068487
4.01789701258414
4.08915292272906
4.072672308428241
3.996568291353849
4.077680220160375
4.0352563025355055
4.04790957233142
4.013175540395852
4.0306551135734425
4.039418066919361
4.058834712955358
4.099139016295479
4.04807433396094
4.099603580246566
4.062880636588323
3.985330490198806
4.025877797707434
4.101324229291965
4.136066954196463
4.00028889108093
4.0882809050808575
4.053683155514627
4.038957155440877
4.027020551784945
4.078976943538192
4.062447316851771
4.0314071335988615
4.122301390119303
4.091702815206331
4.098012087625878
4.0549942455801835
4.045106365893841
4.094008579258545
4.014985685370294
4.07765526703487
4.040956001076327
4.0920478218964185
4.051692041489041
4.024139792322787
4.08125879398173
4.077826098409039
4.022254195899399
4.113482877748371
4.091724783012885
4.084967092206077
4.153205742991824
4.096703753882197
4.0660567606642095
4.074353363841872
3.976289349547553
3.960713442602961
4.0993789141803765
4.0623505852782245
4.1129957009165565
4.04624677126193
4.104016155544579
4.0890571882556
4.0090614384428305
4.0600514885140555
4.0792022947913384
4.158831485854109
4.051665041757141
4.064038757038761
4.0369510967237385
4.046839421267441
4.085293699946636
3.997844684345126
4.018479680179001
4.004714030606563
4.046090543225348
4.095392964432466
4.086920082604157
4.066990167757892
4.085484978487491
4.111349560530658
4.085038553764073
4.09137894231202
4.022792592936778
4.01960577721286
4.046355997489853
4.05077513782919
4.074522635520277
4.033268738830286
4.113511854541281
4.075956419732693
4.016976012990121
4.067406703341486
4.095327819492611
4.041630023885946
4.040556674830226
4.009537749428351
4.067199088095922
4.0642945520645215
4.110572084563095
4.005593456023654
4.11257468998048
4.040940714445902
4.022400421503224
4.056631562246505
4.016487272699774
3.969816122154102
4.100949727771762
4.036410872255599
4.1018876330279745
3.9878699629341945
4.062825571078534
4.038044495710563
4.052747073901337
4.039604465988109
4.088783826236028
4.065293190515965
4.073388210615706
4.01076545319661
4.013234796384069
3.993892079392369
3.983254186573269
3.9469787968028607
4.076257045493051
4.025261085996448
4.097349423441437
4.085418090643002
4.066677714911057
4.1341676893699795
4.085761476936595
4.073746965119219
4.143725372572655
4.058842549496503
4.1139115937355815
4.1037822417135414
4.060451578461614
4.006332735804662
4.066092410460057
4.134476169948761
4.0092497315395805
4.045323025549505
4.03207290762526
4.053964170092126
4.079518736243895
4.031976072982204
4.045188473242788
4.136694787233586
4.0378286881496726
4.029375267133327
4.090639581460218
4.070509500955254
4.010546463763931
4.031777625127638
4.046759604821323
4.064015155796339
4.044572004791297
4.080786507849288
4.027813317272299
4.074995403564086
4.043258219073032
4.131381220793343
4.081168600137098
4.109500474361812
4.0422553776117915
4.099899843886222
4.067714143301026
4.132215445437297
4.101861217117848
4.005660386719872
4.093002138206217
4.052079880610221
4.004793927312008
4.071053280994544
4.023910135764079
4.066256674975874
4.017825140818828
4.072650315560416
4.05500073322289
4.1310030019613775
4.08840935600165
4.059179123023227
4.09546797605002
4.065934428670181
4.039345022437596
4.165083300171426
4.05769377670369
4.008132232817142
4.080802374624587
4.029732921797358
4.081230563949463
4.058461385710027
4.1081431825716095
4.047830161925634
4.132123010349472
4.029916193814766
4.03129455834911
4.010391155384431
4.0596724774001425
4.080263063170373
4.149468338555744
4.028055475193473
4.067619128127369
3.9989651605252345
4.0430839580672
4.090291104274688
4.008285716904718
3.973656479185074
4.090608409625026
4.041017506269889
4.044762619091925
4.121823033016102
4.109185784743395
4.123878358161329
4.056810641870839
4.052132628263214
4.074279932277512
4.023261797782196
3.9955315786844263
4.041430235397369
4.05512664086204
4.083921748159911
4.003511251584263
4.057598756040401
4.052643629467077
4.063195134422371
3.9664474782201933
4.066466103905994
4.06561306059886
4.07254053696524
3.9891695085556065
4.067965218826255
4.049227663321858
4.072569869878165
4.0552918978176296
4.130671100805013
3.9922717336180815
4.104204873787849
4.0733304380558355
4.040299483014299
4.064963063683908
4.107812498759436
4.081604816921738
4.082110552049465
4.097702088575138
4.042671345210047
4.047480320247265
4.061088473271015
4.034689828583646
4.052147447419974
4.00710557068789
4.050755174763733
4.013370624737185
4.061065500282859
4.100730796164268
4.038609945087598
4.023138444120832
4.074237736499706
4.040065632471574
4.074449895236472
4.064982432340479
4.045069799872212
4.036716155532125
4.02871074203419
4.10406513043706
4.06691468272122
4.100280791127613
4.153582351410655
4.09891154906475
4.058238942382217
4.141082902501959
4.029189513744926
4.035374937449998
4.110395896917493
4.044191360913518
4.021380450150336
4.084282685863323
4.09291003780604
4.109600139625995
4.064649425418991
4.117940448884092
4.010762356376007
4.04932046863892
4.066426050200238
4.140248013713314
4.034263980343341
4.123043454464138
4.079866882908237
4.049791859693388
4.046363544084184
4.035492882674947
4.043093777400207
4.092835702098211
4.076666885604748
4.03049156407737
4.013236280353696
4.026379427878766
4.0699068526966755
4.146280216093365
4.000906454716032
4.113740456232124
4.139175153750678
4.06278311534116
4.155789718514406
4.098608467112943
3.995170602336686
4.0458665960183495
3.9951394928547654
4.086203555498445
4.048603843825626
4.095182740123477
4.023829160429767
4.111283280235404
4.082975548936834
4.01685014649365
4.0255251150047355
4.056624800466426
4.088054996097006
4.08922958667589
4.030310400084204
4.030981206767874
4.075723543559167
4.087353877607645
4.052421942917562
4.106033417820395
4.041526311064638
3.991792792116053
4.067174198270982
4.093367334994907
4.0710327629637275
4.100379690782617
4.037322557709487
4.131482856522058
4.015450696842573
4.053549727508474
4.060996208923233
4.072037196446082
4.118379885381223
4.0028691580714
4.060329313250701
4.103511916205148
4.105353425456017
4.045036209305396
4.053591825136559
4.071714739189221
4.075017622197928
4.154643703406951
4.0450046241277295
4.049446607468231
