3.99962492664499
3.941156151825002
4.028019713147688
3.950473543249051
3.965610689885536
3.9784143263332554
3.9652772090115453
3.9966190363171314
3.92406200726087
3.9312519630390277
4.0020562287643635
3.9423921950292153
3.981742144284019
3.9849489139667225
3.944173977336348
4.027659436337851
3.941696682644576
3.997153198158254
3.9995010298719693
3.9488955210861247
3.931622984688681
3.9485841759292932
3.9918002621766413
3.89980240825081
4.033019293049756
3.9587991669579066
3.886406457578482
3.983548127440409
3.9393447595301683
3.9275016519554447
3.912615690036791
3.9191533309905644
3.8522632843895686
4.004552348333857
3.993571531966048
3.976884340902411
3.9493012950391835
3.978381758751
3.913747563104809
3.947751833196973
3.9411980018748385
3.971568687735837
3.9683036638878453
3.977749128707483
3.9158248671617337
3.978757333557551
3.897131466873495
3.9273992116191474
3.9491935538800855
4.025898401044384
3.9857049435418865
3.910151366794962
3.9641237791145345
3.921316228239032
4.030646985490895
3.9569650651323087
3.927196594982008
3.9497503339352775
3.957996528542086
3.9500627813316074
3.9674987398908086
4.018026410350588
3.944179604397035
3.948348329546387
3.9516794843158998
4.014568186025661
3.9632494859343628
3.9482350196267326
3.919268481306795
3.962482344107663
3.9587087247384756
4.006719716405199
3.921017917237455
3.9691471696111607
3.975630717290585
3.954801259145297
3.898423795558294
3.942390584635442
3.957500685109514
3.9280079022027037
3.976358025802309
3.9892987023642164
4.030048208756209
4.002384919778157
4.043712560862702
3.9152925571835557
3.9542220491610975
4.016565201581282
4.015201272938365
4.022616704460191
4.006051667186143
3.919683585486798
3.882966154211644
4.045536162284818
3.939400716771205
3.966998818772775
3.91722183245684
3.974885614693501
3.9562658118781093
3.8962687473638384
3.9627164256218173
3.9474560144300974
3.9154995181970924
3.9845204859216494
4.014989391511706
3.9937763635184718
4.010177804391259
3.9518493215780333
3.955118406996302
3.993108003618088
4.041886154255271
3.90354359828614
3.973007982954119
4.009893396203385
3.9281832953963653
3.9756782249047626
3.9339254380519706
3.9647873715929802
3.961511243565769
3.95171641734327
4.003380003888995
3.9991320970536495
3.9039050359147396
3.966941684047458
3.9520019329165734
3.90087718796252
3.997027854120887
4.033718446500588
3.9589544831995824
4.008966179255591
4.00561175984624
3.964776595105778
3.9079913416054564
3.9261468589485653
3.958881989357729
3.9361782975257733
4.05093421246736
3.93191314208026
4.006743638330078
3.988430264575893
3.8771958568961433
4.02754964831106
4.033369444301071
4.025116598439982
4.0141387212739374
3.9113410398862594
3.9732198759884376
3.987851957803339
4.00293167285462
3.9380241784871846
3.9661402671429533
3.9790283861197517
4.016537398378237
3.9817113679773044
3.9482273360728612
3.917179528410049
3.9704634399069882
3.990817813610986
3.977160208890759
3.9601334074734127
3.9611614899308
3.9544887400812456
3.997298659555189
3.933435648206602
3.9851933968921855
3.9393587162329897
3.936320836541587
3.9096971211484948
3.983391786226212
4.008832669849641
4.024747390209262
4.088177046038947
3.935848703725524
3.9474065791041815
3.9818429982896326
4.035341929657549
3.9276835088573723
3.934466466026873
3.9937973671065476
3.9586467050565086
4.029056924820944
3.9088482853368673
3.9294989901789035
3.925655931770949
3.9381987761575363
3.9992653098531563
3.938617237477798
3.926291459939234
3.887016287495191
3.958860843182159
3.924059455191174
3.964363232660497
3.932946705884202
3.945979200886836
3.9398157686244106
3.949671223376664
3.9966279265571734
4.045411069260936
3.9247029531468534
3.9759460682706913
3.927751029398253
3.958917564316438
3.950970698250163
3.9831799456888968
3.9622898329293754
3.9493840011251145
3.941588935604013
3.9340198805483677
4.015781307066635
3.9184824337088635
3.9249034878171405
3.989189895228227
3.937940046464184
3.968929705556518
3.996892852813904
3.9518431683010333
3.974843920008711
4.033204904321996
3.9236120201597964
4.012087971965242
3.958644998883902
3.949686864357678
3.9448684598634607
3.970337570365552
3.9233376892631706
3.9752856267524854
3.9238897434435485
3.9872998473118932
4.010014295308323
3.8638694485012364
3.9806315895587714
4.028903760175317
4.012550186572216
3.9875056059265104
3.9822381472623363
3.912702632130459
4.0070773663517105
3.8490321598539476
3.9710403112745074
3.952552757491918
3.922694403019399
3.9307989249447157
3.9334918365612217
3.932764342029708
3.9275303597649094
3.9529463267384592
3.9590919421711237
3.9588464779759023
4.006331173929071
3.963146599457413
3.9463271485779265
4.012274998224432
3.889764669687156
3.9439198781721765
4.020271893189675
3.9848819212048032
3.9800615102324612
3.9583667439926904
3.939104942012586
3.9092191053519754
3.9859792414625606
3.9158756747802523
3.948369736531592
3.9481675284727142
3.997504559791
3.943710824818517
3.8858003749170513
3.9818593597575505
3.9497794507715573
3.9907304388370846
4.009375554195616
4.071630466486652
3.984031386898441
3.992380809556232
4.001595733382184
4.022015799425629
3.98312644914017
3.9154417877698817
3.9796995993562354
3.9226513019218765
3.9650300959974514
3.9908568142392853
3.997414802067548
4.0239040916348365
4.0005402432674675
3.922743174074684
3.9525846837136656
3.9200253019164615
3.946837513445556
3.944002576468635
3.9651159563313354
3.903588339243219
3.986647550760094
3.945839624480228
4.004289574983244
3.9662752168100326
4.012311432784231
3.9452229756920505
3.9649566843068
3.8737905804796284
3.9866244645784454
3.9629971291232056
3.9229039172515914
4.025015764964984
3.9421592067140656
3.9323522905137644
3.9127776882231244
3.9505855203497826
4.016498934033901
3.991450325611634
3.99214667602912
3.949966845637716
3.9115317058514223
3.9685829289487877
3.9635048244823423
3.939257624789314
3.9481979590220275
3.998191556138493
3.8979416381346286
3.9324434646211013
3.950115762060733
3.948972816072175
3.9403419588504485
3.9836781109311543
3.9584943640007326
4.010733519119662
3.9710434894579283
3.9250076910212957
3.9853960760411042
3.950431916689923
3.999996708205593
3.948005457313489
4.047400876439826
3.9778870184244863
3.9746862738007214
3.966266454473167
3.9910563910263517
3.947409834334487
4.041924358241647
3.975644272776755
3.928046850153828
3.9866817902507363
4.023926315880156
4.006315372437229
4.003361179779074
3.950910466176751
3.9708313112980154
4.018622191285806
3.9367086838685563
4.004224530292031
4.032466362349525
3.971596335058442
3.982448630516771
4.03756884621753
4.005079770055213
3.944633895732326
4.003774289745355
3.9397355154002938
3.9683023620836693
3.946136062485449
3.954261094089287
4.039022678548814
3.9888686062070935
4.042542143710808
3.964061615679506
3.988959750653976
4.031453118750828
3.9770362679907825
3.9817385890767385
3.9619592082127086
3.9985862899582774
3.9164989007029765
3.91414363573736
3.9019808158864753
3.8242161478232
3.914685058051462
3.8998997003851392
3.91074717352277
3.951592431344834
3.9849589630530318
3.972487471238523
3.954243051782278
4.0318480716386595
4.008832998580948
3.952879262316261
3.9163530366600323
3.9303712689690595
3.925149632693871
3.9619238919361255
3.9355350256613537
3.9069789617800548
4.034667520899353
3.972977175809228
3.9173604472364363
3.9531597123992412
3.9617649268260546
3.9342895656723047
4.007315840601939
3.9507892017439947
3.99250445951121
3.954835548855239
3.932052468946908
3.9721234114587953
3.9072931516807503
3.9742414679606255
3.997842567033112
3.9759594922084447
3.929527729030889
3.903145264923433
3.956587250603988
4.003039093699436
3.946401912842273
3.9332123402325903
4.009835155229103
3.9305167839658504
3.8873908204163206
3.9658901550399364
3.9420449123287167
3.9198235604397573
3.9383480440494902
4.033010885721392
3.9559875451439295
3.984465741958008
3.9522606016458313
3.8986880578069876
3.9437428535919783
3.97174196357932
3.9546089880274797
3.974084309557852
3.971085343842834
3.9747691418323687
4.003809721089296
4.000314089447741
3.979432181043479
3.992950111318646
3.9038794067043243
3.9784290403168967
3.979575945379471
3.944071245976182
3.9531148875395354
3.93055719952953
3.9652727435014063
3.9723412418707214
3.9848704389412632
3.986686649288733
3.9084781977624816
4.017729989419081
3.9672945298383895
3.963054333652748
3.994248104202927
3.9721707726365296
3.8860447788140906
3.9779193932162706
3.917423567380683
3.9619386741922464
3.9396018504113535
3.8753200075857523
3.915114486155728
3.909541035700452
4.024021578109982
3.9536448376474866
4.035866264393133
3.9106430174540407
3.9695254525409873
3.9891466412746297
3.9669179793474956
3.9296090142822715
3.8995931965340227
4.034972599081657
3.99145325612383
4.002000133415913
3.9609522057675384
3.8872786257165775
3.9881430715498523
4.053787652518579
3.9455400476782962
3.9489334773696503
3.97425332154282
3.9674816983853867
3.9494336695627004
3.9588098870968484
3.9944516610543697
4.002081636579485
3.9337398255192406
3.881551467250767
3.935786937647239
3.937392944582449
3.955007446838903
4.004877733780108
4.017648793489704
4.025194845545862
4.01205701707534
3.9986039112324026
3.970932394247529
3.9698091402999847
3.9599357765280896
3.9599060856335346
3.946715283371727
3.987553580468215
3.9424524536388477
3.9972594752117656
3.991705070321642
4.0064569167194195
3.8746348701231463
3.8923490705534345
4.0125602762834385
3.939020789540088
3.9911661260729976
4.002074910746064
3.949762865265014
3.995530275711538
3.9268746641455285
3.94040760786085
4.014117654085955
3.920285824614154
4.078057137021661
3.9396938937379478
3.9917948953002598
3.9472685529719223
3.942114065972494
3.9238037477511964
3.966661469544357
3.949475121612388
3.920985480006802
3.9454146772612164
3.976992680176301
3.9088642136379255
3.9936499153397054
3.949380564582986
4.003308282439306
3.936461649598444
3.9467798475266
4.009260354112313
3.929315753970903
3.896242520830733
4.025800940294742
3.9465030063735327
3.9880241399299927
3.978649555788997
3.998177355338418
3.958178241949668
3.9311175598271046
3.9516298430689063
4.0090181967363945
3.9247523401501945
3.9659940729509273
3.9657391472228354
4.0097475271271765
3.9266595337099117
3.94093965371707
3.9674538090646063
3.959677165225363
3.8802426645114383
4.025537070499932
3.94436316557151
3.9662019462123563
3.994448368055195
3.9608528325684618
4.000107890418418
3.9167675138280247
3.924043068535698
3.895556150320439
3.9379402080673214
3.983044743189304
3.9792236674139136
4.020352005184925
3.93360063646659
3.908919203382157
3.9719113186622095
3.9020877961065183
3.9821768899805714
3.9961507315562987
3.9232778722147237
3.9664127786592545
3.957972063603314
3.9326649496999257
3.9419256007317514
3.9005017678235396
3.9724394457214927
3.949066252683598
3.961690213346583
3.940464567055226
4.043558196663256
3.982922723067258
3.9877673592620826
3.9678644176196793
3.9643305347906606
3.888635532677359
3.949195907537514
4.055466195416753
3.8746802622230594
3.929590992753974
4.006892460786317
3.9413263820810687
3.9654680607146773
3.9736537665527445
3.9622367136030205
3.9795601217695418
3.977022684332732
4.007143432160582
3.93114358587966
3.9110703488352687
3.9833908375511755
4.00906891588025
3.915880362267499
3.962664357408481
3.9359176260820146
3.9516345158443595
3.9202921377246187
3.9631273185238323
3.9984770958076683
3.9526263045853955
3.9854136446827106
3.997703994954398
3.9698454701792447
3.9454449292528473
4.022279206726346
3.9663820665102225
3.9589842375792155
3.8668196991044663
3.9873281787362322
3.9408598621232356
4.018510755293644
3.8963991863565295
3.9573903916109825
3.923513639358252
3.9898689976890447
3.9458199486241
3.8680896340612874
3.9905055040111117
3.977552322179779
3.9489293666747063
3.9922723109855673
4.005468977722805
3.934382398402576
3.9477894727900726
4.004879013801623
3.9771625214458544
3.994303956819408
3.993365603025703
3.990755213882037
3.9390078020829997
3.964919157802072
3.9229663582221264
3.955802520052962
3.9060139692031357
4.009459405991927
3.9414502262656352
3.9955177889473226
3.9336286215578213
4.0215373409108395
4.030768740492758
3.951642438233125
3.979428294012496
3.9585080884837502
3.9501778785293244
3.9785547758554407
4.0226897799299115
3.9718240579785276
3.946843124421408
3.988374239033553
4.023145325321576
3.9704722222126403
3.9227999659955937
3.915938771852985
3.9515895032802786
3.893974612086272
4.015199394844061
3.9456631503185964
3.9397648846760864
4.025434324835246
3.9335575106781455
3.961204557139266
3.9781325744421525
4.046924780320188
3.9480080917900158
3.906933102467836
3.9812105812937757
3.962023326581214
3.9876838972433557
3.9235698353160093
3.9743545491489103
4.004805083985359
3.9614542460294366
4.000848810582466
4.019992268288254
3.9421026621412545
3.9413738018700024
3.9330260076899832
3.969118721582048
4.0416116134604305
3.9201787062415154
3.9730300355840047
4.102216225469827
3.979081410437822
3.997765187370128
3.996504840477192
3.9862504149989224
3.968568957036236
3.8917166221019035
4.012688578005189
3.95573999943148
3.929119604145956
3.973834168472739
3.8883641485162714
4.019245619685331
3.878413420611905
4.006282393273526
3.9792958180056455
3.9426379028491696
3.9474443633147764
3.9914388449778504
3.963092713415721
4.029795729281139
4.012246156586562
3.923167169949806
4.005487064595946
3.938301313573885
3.9901509151144907
3.977739765955718
3.9370017625663873
3.9096872154099716
3.941132374577484
3.8793922921748907
3.9436854472404907
3.8960107972717566
3.9510872220909814
3.904645235700973
4.008096991717943
3.9538770731922654
4.016475196558898
3.987551337995382
3.938959534211914
4.010039591087871
3.9350111245227817
4.046388313368045
3.963695410270032
3.9741289328525133
3.9794284220609333
3.977337095618544
3.9520131785667916
3.9801800647800767
3.971528370594263
3.932762941167535
3.993921873453952
4.044704266799149
4.0445578217302565
3.96991433026807
4.027635530915702
4.026610956964803
4.018019078368302
3.9690863544527137
3.972029368557148
3.93732087608839
3.9255103259227386
3.9487170330141153
3.9480145859402858
3.8775678238823255
3.957020808336891
3.9355037926910037
3.9579517999444724
3.9611780348650107
3.9131798620499505
3.9313952748189718
3.9467774249014584
3.983663850949407
4.015116867407615
3.999670506881694
3.9524348579993456
4.013631403590182
3.981703091470146
3.9765834937952147
3.9328200420351074
4.0366595696918415
3.9687946600211945
4.031467440741848
3.983348822247365
3.9471822529707548
3.936196557647206
3.929361862000116
3.892982022225974
3.956741642500508
3.9418370790231267
4.062467872458682
3.96706902389119
3.9343935471946665
4.058130765216749
3.986387924264196
3.947820752525086
3.898458748901412
3.942967762259094
3.9561851330210906
3.9865491992269795
3.9796857277354167
3.896366065091906
3.9172107949296944
3.967306328492896
3.9075316169317404
3.9779446527821727
3.9959672266539
3.8632084373024256
3.9609620442263833
3.9155826564774574
3.9501976968947297
3.922405213637802
3.9212335915333068
3.891414301760494
3.976451992230276
3.900443624473276
3.944765934289487
3.9937333371937123
3.876536697834751
3.972638863826886
3.877114545913101
4.0617820419642126
3.9394268193827875
3.927074762953702
3.960494302438804
3.987182025793028
3.982899850082277
3.9011891684216344
3.976265137299776
3.998125311167402
3.937653823700819
4.027365727617618
3.9768548788859066
3.9763983728314045
3.914488866010504
3.8618652577886627
3.9259091776904467
3.955768416958559
3.936950569385363
4.014549813264559
4.03969660088498
3.965976827953184
3.931743091301144
4.009838639027006
3.9651660599525007
3.9426823089246614
4.003511181881594
3.9664445459948676
3.8857762133786395
3.9939447690639143
4.067907740567245
3.980826678277696
3.973372667493407
3.9411433920345997
3.964069600893706
4.018713448992719
3.9632066302003177
3.9823637140611092
3.9063856383857085
3.908666441436063
3.9894706008472456
3.9381777491961474
3.924003359332633
3.9749432116905163
4.007401927925731
3.980051975020449
3.986609614873102
3.9418058631043538
3.949729825304522
4.003628197259924
3.932604091102112
3.9211024836257793
3.939486317987785
3.9232511353064807
3.9487484400766735
3.9891919923561314
4.020514668936285
4.035413582244186
3.890926667302024
3.9648942254134423
3.9372243872240973
3.926951541941747
4.012156053281198
3.9414950071812695
3.9729501380443004
3.98791460797706
3.9525760029051367
3.97182955090694
3.9672331372502
3.984911869715922
3.988724986857631
3.974702510386241
3.958091516921261
3.99415417827759
4.00510767259401
3.941156183628104
3.9427611278936356
3.9796029422741364
4.026695666269302
3.951156974081405
3.915816774824736
3.993848044604042
3.9080624685539944
3.9410583512900303
3.9800171814402425
3.93830746635145
3.95800826192241
3.944630288941675
3.9214223331969245
3.9848594868117586
4.010460529027474
3.9346140799522096
3.9948496190646408
3.983870582428605
3.975918846369019
3.979934292912644
3.9178748974045114
3.985687052460337
3.899694038037828
3.9748696547250213
3.972372661602119
3.9212093660554754
3.951745183350307
3.915397509270376
3.975049160197143
4.004584356493363
3.917342398624837
3.9933124782077836
3.9500259172700307
3.8982359199729073
4.063069021531469
3.9213757354555963
3.9846433132593986
3.954415650362787
4.0291946031400725
4.020366878137361
3.9674803400803174
3.9725872369459307
3.9236107101302484
3.9316181795914904
3.9250828745891595
3.998123039120795
3.9724873758481327
3.956722020938622
4.0121969951887815
3.9822048202562756
3.9734303708103433
3.9191646919395047
3.9300959481908007
3.948539891163375
3.9767084543238083
3.9967164821558407
4.008297334244478
3.973905263263048
4.056361048688015
3.985478197350742
3.9030317492232824
3.9248471087733874
4.000485515440229
3.9662451535386807
3.9414087089774794
3.845051160042478
3.950682096627155
4.000013510021291
3.9453298860473676
3.9581224371321326
3.93241325005267
3.9965630859543264
3.97404743717224
3.9841415868837604
4.044951253066344
3.99886628706739
3.934899374773087
3.9140696777889663
3.895479194666008
3.952565095804302
4.0032755409033145
3.94568440794235
3.9240165394041213
3.9294262586313846
3.967248592336613
3.9502432755885666
3.942190497191426
3.9885541780726985
3.934807889872082
3.97308622304531
3.920910767800612
4.0502068376732066
3.9763997686312194
3.9408733327049186
3.962505579521024
3.954613491424092
3.9585095949709124
4.0071025996640275
4.017404236795959
3.942885331987471
3.9208132069197212
3.9621430727647784
4.011406123067497
3.945508762834641
4.001135059264369
4.011878742439517
3.954281089165363
3.9534539347189335
3.9730470784570344
3.9631941700092663
4.020785853506109
