4.285125768800572
4.3403097004407005
4.358014461466627
4.452061895945212
4.341218784384906
4.331474821212928
4.387484206623112
4.279238154132993
4.335212104697762
4.394914757927542
4.323100577220242
4.447952948165339
4.4115955401093245
4.363310621528313
4.279175200116269
4.410112141443369
4.332796887108292
4.3307537302977215
4.368781793925503
4.318406426496275
4.339900945849067
4.316798973993119
4.337658495016348
4.350069741971268
4.33223678423847
4.338004298300201
4.313962951303592
4.37847312069646
4.334740603551743
4.342676719128611
4.367698371590704
4.422709339431412
4.378677601240201
4.363671233086395
4.434397886902891
4.3643678104560655
4.270237072489948
4.317829045539243
4.3732631711902545
4.45086917692606
4.360266750466532
4.3345803673938
4.411787762217436
4.430296465064502
4.34890262523184
4.330369401103336
4.4013468088149725
4.380657885268632
4.336389059272337
4.421256962177926
4.306776811415017
4.3243184746105054
4.3576177544955055
4.349927776307472
4.349543914621542
4.381552709782528
4.432904189340291
4.324838058249571
4.3097651514744815
4.407594266382201
4.394812945589416
4.426670257111407
4.389140561798045
4.40663032991164
4.345315333553163
4.402060341272501
4.336681561507532
4.251967637596248
4.370336879191289
4.386214196287756
4.3605036030855455
4.32283245898325
4.397702567077717
4.415758292023866
4.414711424513013
4.322397929550273
4.382259380334338
4.458063556711234
4.382671591674207
4.401338128721301
4.341971032059519
4.33872265129759
4.281997807676174
4.372679433719775
4.3485684804425135
4.3004280868634455
4.3992159432406215
4.364595403716506
4.360144158361357
4.335213310333426
4.330830488679883
4.3108099663944
4.321257001544581
4.303323567265751
4.351791183700916
4.351147627406144
4.401413608808292
4.328294999896412
4.316566725170924
4.306166851530629
4.303749839288928
4.345478459346091
4.2843022558544135
4.323062845357948
4.399641916786576
4.313046663296036
4.350228347900652
4.31268326366206
4.35286887869225
4.323632387231415
4.382312899674032
4.3379523802449365
4.420548991499234
4.288819251050675
4.376934436259593
4.367679232516943
4.4021933377064215
4.399616470679903
4.429174255847408
4.3732157391480815
4.476804381669512
4.333167992961285
4.285758088078867
4.381809464306321
4.363186243229137
4.349025090354966
4.376814324146124
4.313646435095761
4.436069937095131
4.3865153369158465
4.36446499476636
4.3448924739479695
4.385610982851915
4.382674925356943
4.351424857392984
4.401047877945673
4.309083808079639
4.382281570139069
4.3939418951522695
4.374852613676926
4.314709532647477
4.422602771731478
4.322838295313621
4.285504951154655
4.3635611101766045
4.333491468542677
4.333106335362086
4.444372015667146
4.421153053609222
4.302545342183475
4.302048511474422
4.404496285441152
4.35701683741012
4.459511433534371
4.331678678450108
4.338277208803178
4.391073241956292
4.378396738340607
4.307882897938414
4.37977135292124
4.313887128120808
4.3886353279041765
4.368809226941457
4.416452892146225
4.345353330251016
4.346720060270256
4.303161972725389
4.373365220562101
4.381604104943086
4.279637813092346
4.337941241610033
4.39471968938472
4.370051177420692
4.455285109468352
4.265351588666377
4.348317997311093
4.369737833754155
4.3566393083273445
4.32521313460288
4.36479671705395
4.3276094377484515
4.460916069404822
4.42623156164067
4.354836460644945
4.35411897884892
4.311157844713929
4.363127086988819
4.379486501489627
4.365303950978218
4.271410253295091
4.324731383679596
4.350344724021741
4.371940949814236
4.279141127146619
4.348017520290103
4.385607593445652
4.324266811369013
4.361552182082866
4.32561149705344
4.319109123499814
4.310454548000359
4.331496834178817
4.302646395037387
4.374687070766653
4.31888080161576
4.358538139944766
4.3784621892127795
4.371271706109964
4.3412634837911686
4.413962916696431
4.375808125915038
4.390051931666862
4.377882950545996
4.357919977683487
4.376399890175967
4.363060621193335
4.383299140067598
4.438035142572502
4.335394670037202
4.330303496165475
4.3764293449546
4.391900735738536
4.318782709656378
4.326470307640919
4.430729931957243
4.379951157782776
4.330560650033347
4.408684640360327
4.362023594157284
4.402842581406886
4.336330537698862
4.372831858085092
4.353266331631597
4.323500887742838
4.38507068142027
4.380106807118423
4.435971433404295
4.399597890288185
4.322907682525026
4.425431660321745
4.369568284319656
4.371259834890131
4.421419437694264
4.420558100201405
4.3981924390285085
4.349763849537572
4.395133356266243
4.3322343541022095
4.408690646354318
4.3726697465655775
4.397064719614759
4.320242051704156
4.394172587358718
4.347572738151736
4.352680307918521
4.318029940049303
4.429484384516137
4.366367839922491
4.399234575676777
4.299562252282141
4.326881800575999
4.315172101575749
4.3266459104502895
4.37388500213288
4.289631333781438
4.3815309287015864
4.377053546246012
4.371489862993699
4.361600168314693
4.400963473534344
4.346748475882749
4.390109401575849
4.4245725625362535
4.370238430808123
4.399494439820263
4.263518785664731
4.352842836740855
4.365867475076919
4.372256029226051
4.343124372248094
4.416608274848126
4.37710406842446
4.290627770232778
4.340518942593175
4.38334786929611
4.37791964159217
4.3357800247980345
4.440732563248846
4.405525315494884
4.3862760717266065
4.308961342534275
4.436430924391759
4.334135059619124
4.377041542496116
4.379475283784338
4.330883869059907
4.336320153004738
4.344077175543052
4.288570429368975
4.379195087303777
4.4076534426588765
4.30531119444948
4.358418718210033
4.346526979308895
4.357139049698269
4.385478423217399
4.380504231073623
4.313584406229755
4.356096549282517
4.30678779164598
4.3698377026767075
4.3147584080166475
4.278815761807917
4.353508687515802
4.3474191814943755
4.276254044323503
4.353615010770276
4.420556847846875
4.3638784860061755
4.39413118559315
4.366321701796283
4.335050475196491
4.349259113278781
4.2929142409748815
4.3887889800792905
4.259459882661474
4.331711328169646
4.3700768273580435
4.3424477153889365
4.290503207799781
4.343222877725686
4.409850494535147
4.379447966734288
4.4268739160044595
4.333326758288099
4.416209544016357
4.340626287300167
4.3223385365274805
4.402100685948621
4.434361819317011
4.325364438694451
4.32661823999561
4.3462597795270765
4.289634218050339
4.343915830192168
4.384282331130162
4.344035602842878
4.37725460681719
4.420050695802732
4.455330391270967
4.344255469179079
4.350963830638697
4.362106711557449
4.2288577101894695
4.368045274491664
4.308900381019971
4.369888568356965
4.414446929816055
4.370933931581374
4.408863092855794
4.345667737607715
4.396831580514035
4.394939149015266
4.366925180087312
4.325980345432059
4.422614989663248
4.406123986092862
4.353013421021172
4.326284825756497
4.359276036188189
4.355892906874531
4.368778740422192
4.338897679990396
4.4079499043048616
4.390204669729378
4.352032365332709
4.374011446239739
4.406251812007255
4.386298545970854
4.306935712881394
4.377100713353967
4.345726130350156
4.303472216775662
4.365220909305165
4.373097651284522
4.397866016644473
4.328439156282349
4.357161662582396
4.347080104831624
4.372008298590214
4.347773067609254
4.356120573556146
4.344973014556199
4.440459158479626
4.441013599862079
4.391753401441751
4.3665462697710655
4.3865108343085915
4.352116694399707
4.358719929614742
4.347564140429946
4.403554014901365
4.344202095853252
4.445397041759987
4.3214860594877615
4.377222108478906
4.439506732212199
4.346771681639174
4.42567310233738
4.392335905218643
4.401198433608801
4.380727014175516
4.362194817549138
4.325914838818799
4.404195998651959
4.322075836744989
4.391290683632046
4.349316825969344
4.360285204823998
4.377259246662831
4.298319492779738
4.3988783229924815
4.3777372698387405
4.39738884759014
4.378811512469601
4.319356320143119
4.369349693004051
4.3588256047198035
4.359640057952877
4.3966400696785275
4.378625798518664
4.359994571796854
4.351973834679123
4.428601246083664
4.317289350148924
4.342642947712441
4.377900350059222
4.384608549588566
4.3339277987148455
4.385283182255851
4.40831269825435
4.367977035365493
4.455271795801923
4.325769425289367
4.370628402611434
4.312617598551857
4.374571098733813
4.364081504747836
4.334831875337814
4.373976827912787
4.390709806254698
4.377869837669473
4.356335705239402
4.329639657057891
4.325358175106259
4.309794291188977
4.381601943550171
4.2865515337930935
4.313936514843797
4.33294426324987
4.346097796415187
4.353311626406593
4.322933844979316
4.320715854627056
4.393332732705703
4.355003020332679
4.344802916249477
4.386270187460965
4.341516523514272
4.314911766119049
4.342023817949739
4.293031079970406
4.417329618690278
4.328227482180671
4.416925488703591
4.415249035083848
4.326580271011446
4.344549361064727
4.36625365490932
4.34179925491811
4.353633897993299
4.434095198642465
4.358609474377257
4.460863473581161
4.403494105230141
4.376037369753634
4.285509933080802
4.312143028612808
4.275831455072406
4.346787115468691
4.316517686363778
4.334471477838012
4.340867154108408
4.3642699502637425
4.381540348492743
4.345376892520375
4.4101458658966814
4.3359874124795
4.321789411571643
4.414676596915389
4.35625117003893
4.274058699523799
4.337685268752448
4.393166418819698
4.289780824159094
4.291433025495683
4.36413292748884
4.328236007812969
4.3658387925499875
4.316379905098289
4.287108937427084
4.305510699617585
4.37382566417921
4.319936232053204
4.392233465598836
4.28373741283237
4.374547949032665
4.441158825468948
4.312836855042136
4.38474160818778
4.335752963320263
4.395361011954968
4.354969020769459
4.343328236163858
4.26820720529047
4.3397729343349924
4.354083193524597
4.375749563597589
4.380822001698682
4.367058741335738
4.320776948410135
4.349276957694836
4.38096424676468
4.357511212401447
4.346963663402136
4.344250383119725
4.388261996263549
4.321598065901418
4.408036644757626
4.388591876035454
4.37136541866365
4.351181060738938
4.376381198818312
4.317042693790732
4.448262814443195
4.360051185406055
4.402014859060647
4.245144141348826
4.351146703389022
4.410067819681505
4.4250737792036166
4.37193509899743
4.367358460525284
4.393075416819192
4.363796236416569
4.378246723149918
4.358186095793654
4.301790229499369
4.37628722133457
4.394067397488279
4.346106543401494
4.455586291822132
4.295068209109097
4.368609656119806
4.404355039012666
4.450769062916377
4.2799190148682245
4.360426593437454
4.341752418895807
4.452428676634404
4.355610751802097
4.311785823067426
4.360347171204969
4.374761259321731
4.363533384208055
4.3709310454889305
4.382546938021811
4.321491037573997
4.3725236937955
4.347874914925412
4.350984797102955
4.298256827200845
4.340021394638496
4.363704344213265
4.39660700379298
4.397667479754644
4.312229241771026
4.41048357765224
4.356037007894057
4.358521208803585
4.349943245156482
4.294537986873053
4.4285822879947325
4.347327629926581
4.320685079522972
4.361434149190834
4.30318996619014
4.354770501337609
4.35505745205619
4.376749833473758
4.378258373567023
4.336232322764624
4.359354648254671
4.420224493929679
4.373794297054014
4.3527704309429085
4.359026630482104
4.339479667919177
4.358842665251841
4.391889946213065
4.373322919633569
4.381951029858621
4.392290642822378
4.401747510896749
4.331504514531779
4.325640147326069
4.4182150352313005
4.389788351668283
4.36704498060464
4.290563069542391
4.314077287630582
4.301673778166018
4.29943650795947
4.366884267918895
4.345306998953838
4.31582818738257
4.310933224810759
4.298026397446719
4.417084228768546
4.353530014662713
4.337821527931416
4.363338985988799
4.396752645749351
4.387246579613793
4.408842231315917
4.361193369329003
4.309324449112707
4.4042758597499345
4.369787892145929
4.291503503176282
4.3682681831451395
4.3369207718424105
4.389456606464253
4.412357277399125
4.3359863700517405
4.362097490827919
4.352257863097772
4.403551650538567
4.378316946785305
4.356891942715429
4.259003113918809
4.393715014003065
4.364148935236547
4.403323532324258
4.4068692578558295
4.326595675672048
4.385618856673088
4.337688762478842
4.411891910315184
4.358136347197037
4.303843560139627
4.391945147788937
4.338092992774796
4.30585474649066
4.476892503174962
4.337627065491931
4.413152540313397
4.354930570679773
4.3929582489203876
4.3698807783427815
4.380198885034615
4.376629666577144
4.333896452591259
4.338285509156909
4.294116745220704
4.3833847954124066
4.316751698888847
4.3884541337627345
4.35315893575695
4.296358263361327
4.36774148036082
4.338597398729494
4.357859629509284
4.250649986395019
4.375720828957187
4.329988668513488
4.32039392617177
4.402338002623557
4.334360185327321
4.3308091191629625
4.408660765617791
4.426640204558006
4.3117051770685615
4.419467901197424
4.354231155717691
4.411687907732097
4.320095409841911
4.400710770287576
4.319817728881052
4.325987750295749
4.3872967282392965
4.3852915304578515
4.418480160708902
4.379480649568812
4.4245271438260625
4.324443969063574
4.317274882652615
4.342393959861844
4.384839796485289
4.3184454288078244
4.321000767800419
4.374783247501131
4.323828105609364
4.3775563100178845
4.334827041022244
4.337293298104028
4.379253855958576
4.365776895104212
4.315673295597243
4.344715660353624
4.3625871595335015
4.344188870504716
4.328339022336833
4.311811962784535
4.428514609970784
4.294315520126617
4.362991117121026
4.457735448767016
4.339994844920024
4.379464149418369
4.412909884089131
4.317097083729181
4.309974220867596
4.297539103418952
4.321660690672382
4.431376001492117
4.328017896621048
4.298934802114844
4.350119302215042
4.3851683843954286
4.301749943961777
4.346713611739179
4.3617819908603686
4.299341236579285
4.402160428545674
4.367581320951552
4.3387589343983
4.3917205051417
4.322946355713348
4.406773946004483
4.360908572138454
4.3428280151198155
4.308165622451099
4.351269373099798
4.354092923155621
4.367783954392398
4.416690489710893
4.409586861958797
4.3365485961385986
4.3757933891691785
4.403891557256316
4.378483116950767
4.3431376174372796
4.362352964395211
4.346788809828291
4.294779489723407
4.31676825821082
4.326065934207682
4.350490937620435
4.343019566959273
4.475631896679783
4.426573249057038
4.377880749205496
4.36212151027056
4.39845155393982
4.367371571007871
4.3316462271208085
4.383574634059391
4.381775361313098
4.343084665968875
4.414750983329093
4.329808537939078
4.384028375639568
4.353244619132475
4.363618147066146
4.3993887998895
4.318822803011805
4.377108193086782
4.429659202347724
4.405342730494096
4.443339933700269
4.393841099536287
4.318093391237246
4.3506341822493235
4.390683528087611
4.2958469940504145
4.296365145329883
4.340379586478086
4.395469933484257
4.396664908508713
4.388267262654949
4.388463860139543
4.400146541825077
4.422683539846285
4.28588846517251
4.417043020237933
4.3166064374171675
4.4089548603377064
4.3187412814330015
4.283287538914087
4.428645775191824
4.456901095142663
4.336883561692168
4.289820468909947
4.34867888412337
4.36449387699465
4.392656123633418
4.315790835390797
4.315790460898969
4.285217638075836
4.383968687510994
4.324714995930564
4.374212134327222
4.374363893844948
4.32692006180398
4.303575897681287
4.395468327315237
4.37766827569687
4.416814259764342
4.292883452760439
4.372781000073603
4.386124792277485
4.356257995305145
4.364122536981686
4.310658526099543
4.356331212879313
4.3119694572654215
4.329634466907769
4.345714413979551
4.388188662867097
4.344623618289212
4.3677323316758345
4.322984198696977
4.419453129124502
4.408027573253399
4.419255136083918
4.276782147065387
4.324982626557364
4.328738754593086
4.340250979123185
4.361627055654597
4.336430049260541
4.41200503739116
4.392399431976962
4.382041736015959
4.3672978350065605
4.348758551746161
4.438684491607945
4.373108311274865
4.2754540587743834
4.286081880051432
4.382062001880112
4.289185437203658
4.379022871045875
4.294945669836682
4.352518649422988
4.403174280149889
4.413287996648865
4.343511035305135
4.237092697050767
4.349831359750702
4.389243517460854
4.2658621839352975
4.334501350160178
4.340249505282697
4.3846298347097
4.346264330247432
4.408561802151778
4.328284857649918
4.323978026897347
4.3419665954524325
4.438693489399837
4.350844269755322
4.383070612363312
4.480237532487126
4.305189485121066
4.304699471409837
4.413519138466158
4.333679112673367
4.3307157758981765
4.369201019798123
4.325610289860312
4.3599026816147735
4.39023617772141
4.314929605628499
4.2822149456190255
4.379352149217367
4.311210391986966
4.452037077207367
4.377629096693508
4.410637223854464
4.385573747743834
4.33431647229863
4.331279403077923
4.39100749445344
4.323143092057093
4.40533705024531
4.375817569375322
4.35778809756185
4.343181961452399
4.299528006194209
4.386839957467396
4.257711372315188
4.380475973898316
4.3298705063305665
4.400129595693376
4.376411657075577
4.387822384591935
4.3395500696083
4.403832554070063
4.39627462812216
4.369684553326501
4.343176043808952
4.3655077197009655
4.346373019052349
4.3222963660693745
4.312467768012604
4.36340143389511
4.4540972632959015
4.309993594095752
4.299898728265634
4.339338594084626
4.389278075988359
4.3530923542283455
4.370411953763518
4.310964435607811
4.416326039840305
4.397519592200834
4.407490263558255
4.405420687499163
4.2994454171272825
4.296480747638995
4.3957011945845
4.3773013149183635
4.352953998016203
4.4135907703222905
4.439239546999709
4.307234246643509
4.458590549657933
4.4306918793896175
4.383401843819536
4.367003527612655
4.421892033928812
4.389600049276893
4.321096944944148
4.369017840035734
4.338020897582919
4.254559539571979
4.428723579359102
4.344113969803627
4.357415200220123
4.332594170076091
4.401664768117823
4.391330875902913
4.374591174884986
4.306252626651231
4.41457469401191
4.377513134860453
4.396478623052059
4.353340842767114
4.38952557609763
4.264388957425261
4.298606382074469
4.32972440630682
4.321694285792174
4.346707156957368
4.34710560150742
4.325249126849776
4.372430079675898
4.3670750554872555
4.345122773203483
4.271821858901777
4.42322226668674
4.36089617850167
4.311376843780861
4.356922468645042
4.364190824122835
4.328303383891434
4.327399280299291
4.418148633291049
4.305044312538817
4.392353404444606
4.367981658712129
4.290607757737912
4.462141310976292
4.3262231809553375
4.257863651450924
4.397748904245801
4.273912822166747
4.379084662650179
