4.2002302462279415
4.271200462354703
4.274904083512253
4.293284788795556
4.26304429104698
4.319413322205264
4.237558708153176
4.324486422387805
4.258938616277843
4.358065860832472
4.3265391302341785
4.29212799094987
4.258336993318489
4.228214725255349
4.3068868211756595
4.193441081768977
4.270517626817686
4.384053957206119
4.2487239995316
4.216692414847153
4.314010069521323
4.1818067343136684
4.299041208344649
4.3344288378684945
4.272958612451428
4.288222659565437
4.252190457382446
4.294642306568189
4.287948406462812
4.296963202547112
4.2368839023341245
4.257953253143599
4.286747473808366
4.23686314666095
4.261038282763439
4.2779483148013755
4.276617267082
4.312884759851049
4.252500892230143
4.312293832603562
4.256065098228531
4.305179462329387
4.305496874479335
4.207564490241037
4.268302103338588
4.239772699496713
4.267510800443306
4.21806374406228
4.218121710798799
4.226378942493092
4.21642635451524
4.304527221612234
4.224879187123835
4.266914101519451
4.283112799027089
4.298249128707436
4.259266313983647
4.282658377749807
4.3110276499806535
4.288308622471995
4.193689045256295
4.263521890228842
4.357998519603058
4.249389749301852
4.238045641834752
4.300367802217027
4.314490825038946
4.236087209778038
4.193939718837345
4.321216232317621
4.242866045862344
4.309858147177306
4.3412486862811726
4.294067863010899
4.186706006122581
4.2556018869735945
4.215880278387935
4.268607535134724
4.293031737905637
4.255453227565218
4.297529243143332
4.237669720363308
4.288284665854544
4.267583165086566
4.298052510047539
4.305503723354659
4.328628746490852
4.2625050074070945
4.227114375723371
4.203550721028149
4.179317083674533
4.229839733157599
4.269720248916051
4.305604796450184
4.216857999727532
4.284222531886152
4.2639667072332195
4.279462706086379
4.2485182547096665
4.303592384403048
4.301281277540785
4.290522092761932
4.314877912114557
4.237264201372031
4.242943263970596
4.262173159270657
4.253398238981914
4.1926133520901665
4.228759402938795
4.291668571517448
4.286625138305378
4.23407633604893
4.2341168444613455
4.283620700206168
4.256502382633787
4.239340041375623
4.291667245869445
4.235933439170827
4.26409921921689
4.250800376780505
4.270124490670661
4.301884506788492
4.241895037386581
4.2721936884040845
4.229497820578059
4.244483542554294
4.260974330310518
4.262437687448286
4.239980651825223
4.3541608189654095
4.28481359185482
4.303908287788531
4.2546633554355875
4.291842039550148
4.2787127161886715
4.262377735378117
4.213392306705481
4.290539135530389
4.218442553599848
4.338741280195829
4.268256689636656
4.2557583540694806
4.291773615532584
4.208509311460319
4.255411719297995
4.2806249476074
4.264183332481131
4.260174895783151
4.336146515642276
4.199160427289038
4.190249343903456
4.1569413212702635
4.2512034844622955
4.2521573118232885
4.209045450441897
4.22525822310245
4.310360110106902
4.269723623016744
4.236347391192652
4.191113576930072
4.2322844453371555
4.278420384116904
4.273356552179225
4.333677473344827
4.229175317064889
4.268116228162038
4.277801501671714
4.195573032308061
4.295761162392563
4.3145823960247345
4.2645523163956565
4.296499008749596
4.277247725605053
4.280323777109276
4.340131262799623
4.31399239305155
4.257144154872889
4.216346902949405
4.193195653401053
4.2603339738207255
4.333894560792833
4.227236969438421
4.301676897827142
4.256116484250194
4.205348112814495
4.274237993473058
4.273667712867411
4.194707871034866
4.25393027899021
4.306699259242911
4.206177935092007
4.355981703111471
4.352416473948002
4.257585515310571
4.275513451435575
4.259180253521585
4.1859246221081765
4.217726491510854
4.362088720880177
4.263646673562678
4.377252228883857
4.3203335434426435
4.250621596816748
4.263746473616682
4.285373844806734
4.289974225803147
4.231575770195486
4.2432939625634845
4.236655575963398
4.262154747352155
4.19352511541599
4.261786052062806
4.157933530037381
4.288052700381204
4.260246891794976
4.2423016933960245
4.332171558492112
4.246722895787069
4.20733770018403
4.28112312194755
4.2847661827555985
4.2472641068676635
4.238229088336219
4.290295831609136
4.284449938834195
4.357275634999371
4.277998314314429
4.315355758870642
4.27230326750204
4.227637737405947
4.215183171258675
4.237209099804074
4.263862114764995
4.1914930485428945
4.290843764729461
4.256626289893562
4.273331935471568
4.21286765198578
4.2966870998234725
4.282264739039798
4.283227555239732
4.265759132825121
4.286340358810418
4.260237009310089
4.212575000442752
4.425993775238313
4.37584434734867
4.278408374200979
4.314434596812697
4.25089312980043
4.175763041675769
4.246045754040992
4.311022484618784
4.26559101991724
4.1751757267181695
4.262605038728213
4.222398074287439
4.289345367177885
4.2617957694039985
4.262774324242541
4.333286740144982
4.262843343499334
4.220780640666614
4.254884551310587
4.214562067663717
4.277848804774915
4.24844737707483
4.276410929065269
4.288358612609288
4.256270147056932
4.2847362091488375
4.3025956293394385
4.350041586823895
4.2906620171828065
4.268047128229844
4.275504205479203
4.2464676674062005
4.257445734889052
4.2388330897761985
4.229581725704177
4.29297102269429
4.238136556372709
4.310557728325122
4.3190865353702215
4.310214689622389
4.31799866363347
4.236565190269333
4.3071430989486075
4.21967377440899
4.257690951332729
4.2953926294066855
4.28331168980157
4.204028321393913
4.291709617203799
4.190235929607318
4.236760769661107
4.1978251785236385
4.289759670009744
4.297405398867759
4.214168698320618
4.25789182343812
4.319021061619486
4.253966753090176
4.203837741853576
4.337926134505888
4.2780462194928015
4.23481851502441
4.251658250403877
4.260867338965769
4.157144156053489
4.308209313658832
4.296799064447795
4.189424816291751
4.275712572924493
4.241877857999508
4.249069994000851
4.2410555999579564
4.268234981747028
4.260066509972661
4.212870157740168
4.323394996488521
4.223175273396245
4.2993426879514915
4.215482172107363
4.202623383170767
4.194831974369025
4.210598612207719
4.2584281634497545
4.281172530314235
4.236484152724996
4.305801042846923
4.322358706067206
4.298740559624837
4.252972407757199
4.195890697102202
4.27505128055619
4.313922259667292
4.270191733353721
4.318141864214898
4.234718022607847
4.260169302132416
4.232344688154789
4.198152711946831
4.247127696601368
4.20554928754219
4.32499256637951
4.258593603270038
4.269099984938434
4.262675762970682
4.33432731384258
4.272124999511503
4.238061932227881
4.269916900169509
4.282132770316316
4.283413066782809
4.3164033452207216
4.265314951936411
4.232632195856725
4.247574396434032
4.289520567348889
4.2259309756259205
4.282886424222798
4.244655759387189
4.2666843881858485
4.2499787903137065
4.330378514918978
4.295336277665689
4.216074567047376
4.278575075702961
4.309243966079007
4.277078419059753
4.2261417706875894
4.273437165529612
4.304030887225021
4.285210883975879
4.292895164602654
4.2345357395961365
4.247963407305995
4.221431570458604
4.236603695726151
4.2678962453091245
4.230242017134843
4.2680856718996845
4.2853292090916915
4.276531075427303
4.290404398281742
4.263959744292747
4.247379413413934
4.3011635239088815
4.347571217940596
4.217700813366012
4.288007428862466
4.237157520480705
4.2493533038474665
4.224242334907968
4.258783349999631
4.318167152808669
4.270769408783194
4.246661463811203
4.2572866427147975
4.2245117913011825
4.243145015726599
4.325345930727523
4.2999531932216755
4.180544699569367
4.239025357318129
4.146373893806994
4.231714914980939
4.1974594964413905
4.270533708863218
4.2688743800460225
4.2265324638777715
4.19742222082677
4.272960956119807
4.2691009549400345
4.205879444323611
4.223369370709794
4.293913224160219
4.283178959196784
4.24129836037846
4.225478299432437
4.283385018365337
4.272090212656574
4.247117077516303
4.182983084310033
4.238147087367985
4.260136508284239
4.240828211316429
4.236332749669908
4.238136491573273
4.251063070102828
4.277697027139418
4.236851517304421
4.256345223947668
4.19855499263653
4.210099964098572
4.244964836314011
4.297110266640786
4.248382603025088
4.323763233061971
4.326295032516909
4.283433944469679
4.3148809854107135
4.258117346111339
4.245656038696157
4.312261000393984
4.252332595182121
4.217298052115817
4.258877095300238
4.1875096841028725
4.23955808816583
4.263583805107612
4.306592934596858
4.229712784229718
4.220293081994295
4.310715569723432
4.238919497667815
4.315803903840697
4.282336491582404
4.2349101049388
4.305543098817726
4.322672267925805
4.28237183634986
4.254698432238214
4.238974610712031
4.207173330539637
4.17678293985198
4.219623012493386
4.231603287081948
4.308622738217952
4.291058293229125
4.273904134195108
4.302171539152556
4.2867882678710325
4.248852547297362
4.3215584523011765
4.250179308019535
4.215993279583692
4.36049676939123
4.225340922292402
4.314656496620719
4.242650328044238
4.235688132293258
4.24609128128286
4.268139136193458
4.22894196527771
4.270614509532784
4.227276626223659
4.230531502293007
4.309485199810041
4.2760902596631185
4.291744924563398
4.279722552280911
4.263695655177336
4.249853423864366
4.2404927017075025
4.299651821973632
4.237981442008786
4.363353987008563
4.254950645095756
4.3239678868527855
4.248739656868901
4.242395975505586
4.296726132755509
4.244637211217962
4.286793683403865
4.260165560156165
4.286912699857225
4.277957341057167
4.251561195670979
4.203988974194326
4.260159858911928
4.268116615277794
4.226258276135299
4.3102489473982475
4.30871625386286
4.283908627701639
4.2592382708957075
4.1519959782114535
4.2618717568792475
4.260717778444553
4.223707065334865
4.244298754689057
4.307241411465921
4.316355714750118
4.257549597555496
4.226723733625309
4.274366827364717
4.288877304281295
4.193252131368389
4.232484837490052
4.281301894874874
4.220763359479686
4.278509203928063
4.320220782653129
4.290480761690986
4.202213065607234
4.316382011891647
4.248277467732314
4.291695279331291
4.1941334156748535
4.3174887120327865
4.175194025510145
4.293194705321604
4.187230378133885
4.254248055951258
4.238113559214117
4.222764148719247
4.293020694247647
4.252693007103503
4.221730177004125
4.382832147640021
4.2519800386525235
4.263168721957792
4.243230766512608
4.263517923266044
4.302400384045692
4.306599808264605
4.2126592319161205
4.170600389474293
4.206644660764209
4.2363831280211235
4.2152366449417284
4.305892378462868
4.274993781732512
4.278965846708267
4.238125107495135
4.293145846971348
4.241020388868731
4.265969021052732
4.3072048140357575
4.24744340786632
4.334965158688154
4.299332548727887
4.346499154610367
4.24653034902697
4.251094643929656
4.204870773721422
4.261137910895613
4.178367835939385
4.314987603245801
4.263261941133481
4.289326486934253
4.30061623047492
4.284086516605034
4.262300536299656
4.291661717481628
4.281484572597269
4.200945460223077
4.252960684001372
4.30436415855015
4.3181855029482366
4.250214540084805
4.294630967439228
4.248034455694217
4.296807841776523
4.284342229360843
4.244643477369351
4.278713018118456
4.231289682749358
4.272590309117442
4.290258829372192
4.34638524796069
4.240028141498677
4.303317409616897
4.347705552922589
4.212734154011007
4.276997471307419
4.323115840296416
4.293847780344889
4.342588574588293
4.232850498573211
4.302680506969096
4.189365633125815
4.289381292455368
4.269671220681718
4.249546394486682
4.2451543828776535
4.212332649140188
4.256369736566171
4.253748058726177
4.2419961850945525
4.273166875071552
4.226742319550739
4.271372280502844
4.286492019079739
4.230887111648803
4.20638756152623
4.279086463510327
4.258387200755041
4.27387879374281
4.245125612717884
4.251541988305702
4.255614554912791
4.196514146084386
4.2522084981914885
4.2258848854557725
4.2002919668923715
4.28819862945532
4.235835675793612
4.170204172179073
4.2440865638463245
4.324193257259188
4.266849075830246
4.269515904443995
4.252177493882717
4.199922758793045
4.185503707287202
4.257140656994107
4.270985103613384
4.210749961615495
4.223428902755827
4.284473697057803
4.261812397892694
4.212241520852717
4.218333679035668
4.27924714177192
4.248264703457296
4.3094171940281285
4.30508368701846
4.277875654625365
4.196920601759501
4.252796834546763
4.234963329820701
4.278618318901462
4.216457955657247
4.217712020224606
4.203165231106016
4.390398225819609
4.260631835865481
4.278855062190234
4.257547118283771
4.200323122171727
4.193332335607723
4.20488280001718
4.237433052947729
4.251852875722565
4.33926666880696
4.228836314504986
4.246088156617222
4.238816336508167
4.283478697269796
4.251148302660654
4.201500912742002
4.2353854490075875
4.282867458599045
4.233268488188162
4.210582460304818
4.261545201049365
4.279562211878785
4.296664545216027
4.263631807338325
4.29628498558932
4.288345365078096
4.246799785805732
4.241930201337559
4.241769337954547
4.2232267795579865
4.262136512136324
4.318172124710175
4.308864067585278
4.266186784101238
4.3426921393611035
4.25484256599794
4.226438289843451
4.2753457120344445
4.2837886550454485
4.271209868939124
4.207198562146273
4.267001756822256
4.267861108326518
4.253019800656874
4.324293196183936
4.263436450898547
4.258717001980871
4.324520571736417
4.189976909322596
4.321844720688095
4.309312656858356
4.249996005033723
4.2414476099807485
4.3024097633286456
4.276983435122957
4.198510932096818
4.155280625165945
4.249022174732964
4.24117985428373
4.300626664592223
4.249295056396055
4.269238939240651
4.246351344688662
4.274316263091804
4.27630830141516
4.205596106673208
4.2900410344730835
4.280551506384255
4.289222589627679
4.270634549924663
4.312545062418544
4.258010096722141
4.1900140295297765
4.232041254712115
4.306208705209829
4.221278981421113
4.24745197181208
4.16900624707968
4.247788465338361
4.210576766982111
4.249500236231742
4.290525000109783
4.149131715600373
4.241930024625643
4.235582871766461
4.264627909360812
4.27121446685332
4.2054528136413545
4.341289207842489
4.290906148706113
4.256574519046371
4.2529590295851145
4.230605859827313
4.340864610427637
4.302844772232291
4.324060550869975
4.235977729507392
4.255913258513964
4.224053306603974
4.268641905143769
4.279304330684064
4.2754820193926335
4.185111115234371
4.2767944139464085
4.228039877707501
4.3347609359496575
4.2995849932126164
4.267427628633491
4.267921654695402
4.214388798564546
4.280117709240074
4.271446647864989
4.2453823514105915
4.304168129182427
4.24396465461678
4.264358877030993
4.300022463228207
4.300858801844273
4.226728632755886
4.2582258687223495
4.335658652264341
4.247482702926097
4.283076487570804
4.258459861103497
4.245350553930854
4.241085259361926
4.217881960347494
4.25371943561762
4.252975918724372
4.308319563354032
4.267426207522469
4.320315323694269
4.333328671303368
4.260868826192368
4.311828982625484
4.282384612037868
4.313292536569791
4.21641724801496
4.199546824582121
4.269590335052191
4.213485864123647
4.260543613127902
4.163236518212286
4.238004296751103
4.280787365513896
4.207761083726662
4.247213034857475
4.314575571527231
4.198556399791316
4.259420098217063
4.333004863028721
4.240573095270684
4.309709308201474
4.197472917033112
4.236010922570996
4.30009135508259
4.247498873494106
4.279806818404845
4.235981597166811
4.270755063918884
4.229799868506528
4.284804047840268
4.296832735220383
4.293098734173897
4.2672416337680055
4.270645974381305
4.2598099508814915
4.229809141875032
4.20526895320431
4.329859542706882
4.247208555510166
4.307930437438893
4.267706615271213
4.256394603725401
4.253201399561422
4.3155882019628145
4.267296205747757
4.2848638110033
4.241757715437212
4.190865746443831
4.229582666213713
4.250962453439969
4.342904538484698
4.295244611677447
4.280436514831029
4.324396085119505
4.28790579166354
4.250122313360871
4.230868938209598
4.32140425689422
4.265771288236261
4.275760348272819
4.2486755000414504
4.1331902728201735
4.31582890203839
4.180437938446259
4.297699251640235
4.203821797676863
4.258944984217435
4.248841579663162
4.313432637910852
4.290838717672999
4.249032431323034
4.251625770152931
4.204712311319483
4.221094102036005
4.260363866256729
4.265140645485786
4.196659287081864
4.270571256606036
4.228436811760922
4.2934152062169835
4.288457047168029
4.313713274724803
4.2298131562808
4.267658812135522
4.300216933113642
4.267825844238639
4.217222982742555
4.283429745245716
4.283624028135279
4.290025123703877
4.238551307847938
4.139711873275874
4.221774399100193
4.266665241254488
4.265942604774901
4.312746182057268
4.321178503981919
4.245740281801411
4.221927432959838
4.282449867174611
4.296418359733738
4.303719385870925
4.2727582154142665
4.242130765122015
4.175885038586866
4.277782075514327
4.297960726224539
4.195627265846737
4.181782628264182
4.232412998080571
4.247467046573711
4.245523551155644
4.267278467528506
4.2564027350140865
4.263361238739783
4.2136555297200164
4.192796011912151
4.2427835929569895
4.26138494504368
4.273264078253549
4.287026979387039
4.298554944840194
4.213519582001536
4.239342559186963
4.279324647732379
4.297713962193211
4.277102300854959
4.204949984933235
4.312776311076532
4.219409123580874
4.252549773073971
4.258075730873679
4.265114047423956
4.258530020639095
4.299279989784472
4.29498680155706
4.261294707542169
4.237811329158392
4.205656449598331
4.251895552600308
4.2469978187710336
4.318879356406111
4.220378334362228
4.221457559878355
4.248352043725376
4.234721627561739
4.244473647045428
4.2468794878213005
4.272854086463355
4.285234280470753
4.29632214404414
4.238395399857243
4.347329352890536
4.2937890800439344
4.214267129650544
4.247082927042391
4.231601749895483
4.228214151126021
4.275053267783356
4.205377864047987
4.251705874062782
4.255047626761525
4.322302987437269
4.313440186102868
4.3002995522920315
4.297408971848284
4.27376590150574
4.267739747460458
4.292249179184516
4.305071864400485
4.21083261457969
4.252119928579344
4.252862765775335
4.278119816230149
4.296291028770049
4.30346238197639
4.3004258410809095
4.3106895516433035
4.232215059809408
4.284413014239038
4.352327885379195
4.237327144678705
4.2599855770268205
4.295123195478625
4.230724178787966
4.231092752502151
4.305253363764203
4.226946974336167
4.251398957088202
4.254032826145559
4.289711828488743
4.307382980842375
4.289100186951291
4.252753226589409
4.256958103385178
4.287790050011491
4.252132500273756
4.238921233911099
4.2828655646357365
4.375470967142653
