-30.0 1070.380612161083
-29.5 955.8228133470608
-29.0 852.3574582719316
-28.5 758.2481850544075
-28.0 676.1894990479885
-27.5 600.9189509902923
-27.0 539.8909784961388
-26.5 480.84099606475496
-26.0 428.20739691856386
-25.5 380.5129699704916
-25.0 339.25780654100606
-24.5 302.3407277212511
-24.0 270.1456718118754
-23.5 240.54033685206466
-23.0 215.07561325995798
-22.5 190.98734594328442
-22.0 170.777076150426
-21.5 152.2553598339881
-21.0 136.0643933444856
-20.5 121.14879625930189
-20.0 108.04324633379778
-19.5 96.64248546101902
-19.0 85.95588385562304
-18.5 76.60338903850409
-18.0 68.53637179756142
-17.5 61.14482498891277
-17.0 54.648912206441835
-16.5 48.79282925778721
-16.0 43.703107054901814
-15.5 38.99542691598594
-15.0 34.82518427289985
-14.5 31.27209971347382
-14.0 27.932409960073613
-13.5 25.111909156479935
-13.0 22.415367582041902
-12.5 20.132323344666553
-12.0 18.030152046030842
-11.5 16.185864375232725
-11.0 14.506946821485608
-10.5 13.080365502036933
