-30.0 1070.4759518047833
-29.5 954.8572869556066
-29.0 852.6871147802534
-28.5 758.337566624839
-28.0 676.7276915548384
-27.5 601.3981829835677
-27.0 538.5590536225958
-26.5 478.8333539339979
-26.0 426.5513905577635
-25.5 380.7951858872718
-25.0 338.5611899437141
-24.5 303.0069842137911
-24.0 269.3286834808953
-23.5 239.86618206416642
-23.0 214.6600452325944
-22.5 191.1912696155725
-22.0 171.4671341143475
-21.5 152.76128014451325
-21.0 135.95497562383719
-20.5 121.04786424278852
-20.0 108.35670304237469
-19.5 96.26102295028
-19.0 85.99961019579783
-18.5 76.73084185929294
-18.0 68.7321319932945
-17.5 61.27248153442225
-17.0 54.8489929677446
-16.5 49.08054256579656
-16.0 43.87309861691198
-15.5 39.19668587097554
-15.0 34.95373059363597
-14.5 31.369303878859206
-14.0 28.062069407224858
-13.5 25.085932908996107
-13.0 22.53014078801418
-12.5 20.16898814902918
-12.0 18.10225162810781
-11.5 16.295244364404592
-11.0 14.661749793184857
-10.5 13.219669754140194
