-30.0 1072.386450822611
-29.5 954.2616152415949
-29.0 850.0509150288943
-28.5 758.7256047506401
-28.0 676.3436142720732
-27.5 601.0216243656705
-27.0 538.4529690131759
-26.5 478.21094762816074
-26.0 426.42479403283403
-25.5 380.06175000082413
-25.0 339.3103829146596
-24.5 302.4386338921448
-24.0 270.0236556169705
-23.5 240.80183107870707
-23.0 214.796148932774
-22.5 191.142581747214
-22.0 171.27613981895553
-21.5 152.13780921511986
-21.0 135.4447256315696
-20.5 121.39913413292177
-20.0 107.94777262485952
-19.5 96.6315459865985
-19.0 86.1355667377356
-18.5 76.81354623397033
-18.0 68.54226664300947
-17.5 61.201204830090326
-17.0 54.76160897093022
-16.5 48.96288954226674
-16.0 43.82485279823175
-15.5 39.00868324951079
-15.0 34.8772995107289
-14.5 31.240421665629803
-14.0 27.97547258314522
-13.5 24.999650481254584
-13.0 22.428833457080835
-12.5 20.131486854366536
-12.0 18.071308854883753
-11.5 16.177661549114358
-11.0 14.542884189218034
-10.5 13.077770174588865
-10.0 11.774555248079942
-9.5 10.594173460767363
-9.0 9.553672763739355
-8.5 8.670540288056218
-8.0 7.810531873339715
-7.5 7.08663612988596
-7.0 6.443724936239409
-6.5 5.851327193295298
-6.0 5.333187569809109
-5.5 4.861963631124516
-5.0 4.441739636203924
-4.5 4.071560981284915
-4.0 3.7447073032388793
-3.5 3.46003432008263
-3.0 3.185967661291217
-2.5 2.9604138505492394
-2.0 2.7518414126266353
-1.5 2.5626314540314374
-1.0 2.402507490975864
-0.5 2.2542789008433544
0.0 2.121164396538593
0.5 2.0013313803877577
1.0 1.8988161109981572
1.5 1.809726205251577
2.0 1.7192080477812313
2.5 1.6489969709590675
3.0 1.5803378216147437
3.5 1.5217623346213802
4.0 1.4645313980585033
4.5 1.4187526594840039
5.0 1.3759459101808043
5.5 1.33894624350558
6.0 1.302894557544703
6.5 1.2708544961494466
7.0 1.244983705162406
7.5 1.2211017621390843
8.0 1.2022757413737117
8.5 1.178937971533397
9.0 1.161139333376976
9.5 1.1454512289680323
