-30.0 1072.185804887436
-29.5 954.1160170092131
-29.0 848.670169714872
-28.5 756.4534282131038
-28.0 674.9810138445953
-27.5 601.9459602787741
-27.0 539.3506987330193
-26.5 478.70056190083403
-26.0 427.4925307710739
-25.5 381.2209937002336
-25.0 338.8401373395969
-24.5 302.71479218531147
-24.0 270.29336120272075
-23.5 241.09173016599163
-23.0 214.4568009072149
-22.5 191.27563991694973
-22.0 171.40169666453448
-21.5 152.00115660589233
-21.0 136.36217042161286
-20.5 121.34588075798348
-20.0 108.51723989849414
-19.5 96.6747906974102
-19.0 86.13768702481354
-18.5 77.06968870129505
-18.0 68.82306063680429
-17.5 61.498105795220006
-17.0 55.036427085629796
-16.5 49.058868352657555
-16.0 43.92148795085907
-15.5 39.24277484046221
-15.0 35.0363280993826
-14.5 31.398354670872337
-14.0 28.199843052718368
-13.5 25.252977893639947
-13.0 22.718869393757693
-12.5 20.364303758549248
-12.0 18.215643132133387
-11.5 16.408180322519264
-11.0 14.728268226206694
-10.5 13.304828060386525
