-30.0 1072.5245998295466
-29.5 954.7102707136638
-29.0 848.584814911164
-28.5 758.5286645101884
-28.0 675.9769982269205
-27.5 604.0290116569936
-27.0 535.8196255994351
-26.5 478.11754880939895
-26.0 425.08416686924625
-25.5 380.3835842087193
-25.0 339.00938230004886
-24.5 302.57985222437605
-24.0 269.6535183833269
-23.5 241.02998346422382
-23.0 215.11323808043974
-22.5 190.71649522161744
-22.0 170.56486887121704
-21.5 152.13701067599868
-21.0 135.70079420856473
-20.5 120.5270876137561
-20.0 107.81795057479724
-19.5 96.18485576001724
-19.0 85.69416684211518
-18.5 76.7486272666961
-18.0 68.40450796017026
-17.5 60.955511250970645
-17.0 54.50138994780372
-16.5 48.66524710610206
-16.0 43.49385579740231
-15.5 38.990025389766885
-15.0 34.76340294738076
-14.5 31.005873687898323
-14.0 27.727159161066226
-13.5 24.777193440564197
-13.0 22.22993276482858
-12.5 19.91790969353952
-12.0 17.77725417977621
-11.5 16.001249858706757
-11.0 14.306415035593345
-10.5 12.860053248570601
-10.0 11.577471455239708
-9.5 10.382196410783171
-9.0 9.320652346713354
-8.5 8.46173992776372
-8.0 7.611936181394677
-7.5 6.881912729589665
-7.0 6.203857110117265
-6.5 5.633143405359654
-6.0 5.115910670886396
-5.5 4.652217289152035
-5.0 4.231506482826747
-4.5 3.8715837543399805
-4.0 3.5268810558165535
-3.5 3.246787493528024
-3.0 2.987939907910084
-2.5 2.7493080605132256
-2.0 2.5471352239324228
-1.5 2.3514586287321624
-1.0 2.199003024335488
-0.5 2.039949661320168
0.0 1.9149555899164836
0.5 1.7990852643591273
1.0 1.6864846065853178
1.5 1.5967125274503253
2.0 1.5116602261586227
2.5 1.441337039761152
3.0 1.3747581034375858
3.5 1.314226713344795
4.0 1.2623329715005531
4.5 1.2127631303355133
5.0 1.17021747969028
5.5 1.1324719366456406
6.0 1.0974588552424143
6.5 1.0671525139951001
7.0 1.0390830148034926
7.5 1.0172049402111958
8.0 0.9950402067958737
8.5 0.9773999787796994
9.0 0.9584281191370831
9.5 0.9407247938274323
