-30.0 1070.4828020739124
-29.5 956.0357086146914
-29.0 855.3165836391023
-28.5 756.9758359600551
-28.0 676.2834649145098
-27.5 602.5682357216458
-27.0 535.6440930308914
-26.5 480.28870908735956
-26.0 426.74481196432936
-25.5 379.6938233497109
-25.0 339.1311435476716
-24.5 302.4137954836095
-24.0 269.84346622876274
-23.5 240.78941048485183
-23.0 214.90979229131094
-22.5 191.8136433312923
-22.0 170.47874761309998
-21.5 152.35242805655002
-21.0 135.42310243595958
-20.5 120.76471194780056
-20.0 107.99562737906932
-19.5 96.4021902651937
-19.0 85.96243230342151
-18.5 76.66953299221282
-18.0 68.58800050527773
-17.5 60.928034639454566
-17.0 54.43113069567712
-16.5 48.72495844226506
-16.0 43.42805007930419
-15.5 38.88352183232649
-15.0 34.681121410428695
-14.5 31.121698482251496
-14.0 27.703092849730254
-13.5 24.809986209251562
-13.0 22.257258368781393
-12.5 19.913975416669313
-12.0 17.812007022221323
-11.5 15.957936875097115
-11.0 14.337696788015965
-10.5 12.883981326116693
