-30.0 1069.9540597180978
-29.5 954.3099793111851
-29.0 853.515186842163
-28.5 756.751776457335
-28.0 675.1469200961916
-27.5 603.6538428019619
-27.0 536.3595811932358
-26.5 479.3823992079014
-26.0 427.1803049010129
-25.5 381.07395901014235
-25.0 339.5649427731398
-24.5 302.8823084343189
-24.0 270.47405044247665
-23.5 239.58226358890244
-23.0 215.3192945820566
-22.5 191.4375130328783
-22.0 170.54014205945927
-21.5 152.67668728586136
-21.0 135.80895867216387
-20.5 120.89435721002664
-20.0 107.96839595652057
-19.5 96.3495077537907
-19.0 86.25109300422903
-18.5 76.77387616832704
-18.0 68.64224117300667
-17.5 61.31387710875949
-17.0 54.853458052547026
-16.5 48.90162176225696
-16.0 43.73930015736385
-15.5 38.93410775519507
-15.0 34.954219704525094
-14.5 31.176282067238734
-14.0 27.87509237722352
-13.5 24.967297819483907
-13.0 22.421582849763944
-12.5 20.150125492591513
-12.0 18.042097503549616
-11.5 16.16629941830543
-11.0 14.544109376531228
-10.5 13.073801911009655
-10.0 11.786082770892646
-9.5 10.610269264900438
-9.0 9.556633739877636
-8.5 8.643667128621471
-8.0 7.818215754482797
-7.5 7.069796407136377
-7.0 6.4273097471161025
-6.5 5.834527653729529
-6.0 5.337838487934944
-5.5 4.861546100627788
-5.0 4.438854075077387
-4.5 4.082508199526572
-4.0 3.7404046390395003
-3.5 3.4527544383819975
-3.0 3.1866047301964793
-2.5 2.9537372586295767
-2.0 2.753468757546616
-1.5 2.5641530489640996
-1.0 2.3979319014198652
-0.5 2.253938425852642
0.0 2.119191275474092
0.5 2.0022216568519466
1.0 1.8996520520239268
1.5 1.8055836131009873
2.0 1.7162202207189163
2.5 1.6492211575066897
3.0 1.574383454379361
3.5 1.5249882931528083
4.0 1.4642038793922045
4.5 1.4195685978912957
5.0 1.3736419008701077
5.5 1.336522992655984
6.0 1.3022970884139902
6.5 1.271763631111521
7.0 1.2429105195363848
7.5 1.2221389550073738
8.0 1.200185970597728
8.5 1.1792820655987146
9.0 1.1612503810841366
9.5 1.143991441311814
