-30.0 1071.5578805767818
-29.5 955.8264984574132
-29.0 850.7931359064022
-28.5 758.270238788999
-28.0 676.6295312164314
-27.5 602.8337995957321
-27.0 537.6394675371877
-26.5 478.80573841953054
-26.0 425.8666078558366
-25.5 380.47146669481793
-25.0 338.7193928550762
-24.5 303.44049422708537
-24.0 270.19847493507916
-23.5 240.8451113336508
-23.0 214.5654440081214
-22.5 191.61438119269252
-22.0 170.47046690958607
-21.5 152.11818964727212
-21.0 135.69748341525008
-20.5 121.11429598630322
-20.0 107.97999333795156
-19.5 96.41360989344253
-19.0 85.88381524011895
-18.5 76.76454447512384
-18.0 68.4026668396208
-17.5 61.14331454311948
-17.0 54.768492400750766
-16.5 48.8366753559132
-16.0 43.65278946387958
-15.5 38.84415490223124
-15.0 34.79260880108282
-14.5 31.127980161619377
-14.0 27.739776876741935
-13.5 24.854130307426814
-13.0 22.255031921229993
-12.5 19.936633592576253
-12.0 17.9413365863028
-11.5 16.060017468633088
-11.0 14.450409536810344
-10.5 12.942151042819125
