-30.0 1070.8129699877743
-29.5 956.6022202269629
-29.0 849.1097128650891
-28.5 758.6288847471386
-28.0 675.9068113159591
-27.5 603.7625786455003
-27.0 537.7371720787435
-26.5 479.8585284439084
-26.0 428.1734066025426
-25.5 379.86178705717685
-25.0 338.3381537688635
-24.5 303.0462543755956
-24.0 270.5533803514708
-23.5 240.0328890891024
-23.0 214.38850491781722
-22.5 191.5168605129673
-22.0 171.12527470070629
-21.5 152.27535025275094
-21.0 135.60496329983826
-20.5 121.1213607652961
-20.0 108.03916141305709
-19.5 96.45377574588348
-19.0 85.98170874785565
-18.5 76.68562266507138
-18.0 68.7319644379699
-17.5 61.034964848670086
-17.0 54.67291187027966
-16.5 48.964228525831274
-16.0 43.66493615280035
-15.5 39.06189379808391
-15.0 34.94491375675891
-14.5 31.194955910868952
-14.0 27.98494095190521
-13.5 25.042809196658183
-13.0 22.412428215112527
-12.5 20.042581397028673
-12.0 18.017215030205612
-11.5 16.170408561031003
-11.0 14.503016874136868
-10.5 13.090852749293107
