-30.0 1070.5428691402528
-29.5 950.4724582476848
-29.0 850.0968906754368
-28.5 760.5471961687333
-28.0 674.8652589230473
-27.5 602.2475772004243
-27.0 535.7118385954387
-26.5 477.83879770022946
-26.0 427.2583320526594
-25.5 380.0458823466509
-25.0 339.7232217187225
-24.5 301.9357156146058
-24.0 268.8723416791818
-23.5 240.35243229220885
-23.0 212.8815815269491
-22.5 190.1565719637836
-22.0 169.70892022399147
-21.5 151.25368070027528
-21.0 134.57944163535714
-20.5 120.37432672657216
-20.0 107.05793325786078
-19.5 95.20427881183113
-19.0 85.20390664590522
-18.5 75.77671336894994
-18.0 67.65253857950495
-17.5 59.95746391743619
-17.0 53.49987190204915
-16.5 47.89422183675603
-16.0 42.55976665669446
-15.5 37.90502577591317
-15.0 33.94127476801964
-14.5 30.149182930456142
-14.0 26.90350424678076
-13.5 23.98109257466989
-13.0 21.344852789897146
-12.5 19.01142294113283
-12.0 16.975264742968825
-11.5 15.147898317754379
-11.0 13.499522333244936
-10.5 12.027018815689484
-10.0 10.701282814072298
-9.5 9.53918472183058
-9.0 8.523343585031759
-8.5 7.557650577747947
-8.0 6.778167151322876
-7.5 6.0059104350844015
-7.0 5.359722875742093
-6.5 4.7845797321350245
-6.0 4.253928152091903
-5.5 3.7979396077157435
-5.0 3.3808951166447785
-4.5 3.027079135213109
-4.0 2.6872953219508458
-3.5 2.3906396274488384
-3.0 2.136623303937355
-2.5 1.9104526295646471
-2.0 1.6968057056997852
-1.5 1.5129813467049213
-1.0 1.342301471761059
-0.5 1.2027916858113297
0.0 1.0705118119294386
0.5 0.954793404833633
1.0 0.8498706865132492
1.5 0.7549802014247597
2.0 0.6757068831991868
2.5 0.6009914523402967
3.0 0.5341219734291269
3.5 0.4791288990476944
4.0 0.4249607167689517
4.5 0.37918375834026025
5.0 0.3390029725686834
5.5 0.3012601755518433
6.0 0.26894068329308524
6.5 0.2391733855216764
7.0 0.21274064118223754
7.5 0.19028498054335807
8.0 0.1700621159228552
8.5 0.15116864031563887
9.0 0.1347925199282468
9.5 0.12011833067684821
